183862 150
2000
2000
100
20
10
500
500
2000
1000
10
2000
2
10000
100
5
200
50
50
500
500
5
500
5000
5000
10000
10000
1000
10
1
10000
5000
50
1000
1
2
200
200
5
200
200
100
10000
2
1000
5000
1
200
50
200
10000
200
1
5
20
1000
200
10
1000
200
5
20
5
500
100
100
100
5000
5000
5
2
5
10
10
10000
20
200
5
10000
1
10
20
200
100
100
10
1
1000
10000
5
2
500
100
500
2000
1
200
5
100
1000
5000
2
50
10
1
200
5
50
5000
2
2000
20
1
100
20
20
500
1
10
2
2
100
10000
1
200
5
5
1
2000
20
200
1000
100
2000
5000
200
20
100
200
5
200
1000
5
1000
200
2000
2
50
1000
1000
200
