341273 250
50
500
1000
500
100
500
10000
1000
5
10000
1
2000
2000
10000
1
50
2
20
100
5000
10000
10000
1
50
2000
2
5000
200
100
5
5000
10
5000
2
50
50
100
2
20
50
1000
5
2
5000
2000
100
2000
10
200
5000
10
1000
1
5000
1000
2
200
50
5
10000
50
1
2
20
2
50
5
5
50
10
1
5
1000
2000
20
1
100
200
10
10
2
20
10000
200
500
50
10000
2
2
1
10
2
2
50
1
1
1000
500
1000
5000
20
10000
10000
50
50
20
20
200
5
20
5000
50
10
1000
50
200
1
500
50
2
2000
1
500
5
2000
10000
2000
500
2000
10
50
1000
500
10
10
1000
10
2
50
10
5
200
5000
20
10000
10000
200
100
100
2
1000
2
100
100
200
100
2000
200
2000
100
500
2
2000
1000
2000
1000
5000
500
500
5
5
5
10000
1
50
2
1
100
5
5000
20
50
10000
1
2000
2000
10000
2000
1
1000
500
2
5
20
1
2000
10000
2000
10
10000
20
2000
10000
10
1000
10000
5
50
1000
10
1000
20
100
100
500
1
2
1000
1
500
2
20
5
5
2000
10
200
1
500
5
100
20
5000
5000
1
20
5
10
100
100
10
2000
200
2000
100
2000
5
200
1
1
