331207 200
10000
5000
50
5
1000
2
1000
10000
10
10000
100
5
5000
100
500
10
5000
1000
1000
20
2000
5
50
10
10000
20
10
100
10
50
5000
10000
1000
100
2000
10000
2
1000
20
1000
1
2
2000
10000
20
200
2
20
10000
50
5
1000
200
500
20
20
5000
1
50
2000
20
5
5000
5000
5000
1000
10
10
5
10
10
2
2000
10
5000
5
5
10000
10
1
100
1000
1000
10000
50
1000
1000
200
20
200
5000
10
200
5
500
2000
2
2000
500
10000
200
10000
100
20
5
2
2
20
10
500
1
2000
1000
20
5
200
5000
10000
500
500
10
5
5000
2
100
1000
20
20
1
100
20
5000
50
5000
5000
10000
2
20
5000
200
10000
200
20
500
5
100
5000
5
5
5000
10
1000
1000
10
10000
10000
1
10000
200
2
5000
5
10
5000
100
5
2
1000
5000
5
2
1
5000
100
200
500
5
1000
500
2
50
2
1000
10000
200
1000
1000
5000
10000
2
50
20
10000
1000
10000
500
50
10000
5
5000
