100 2971 1
0 95 126.075339
0 94 906.803934
0 92 556.443755
0 91 187.533110
0 88 786.002098
0 84 881.062170
0 82 950.252374
0 68 893.372415
0 64 440.104528
0 60 738.534315
0 56 437.637597
0 50 539.760341
0 46 238.279954
0 44 20.023049
0 40 192.213846
0 38 949.327075
0 35 352.458347
0 30 771.357698
0 26 637.552268
0 23 512.932394
0 21 108.808802
0 20 400.944394
0 19 804.176754
0 18 242.886771
0 17 606.968876
0 8 553.969956
0 6 335.222756
1 98 609.105862
1 93 413.983740
1 92 621.822821
1 87 675.475980
1 84 344.942955
1 77 471.483429
1 75 546.106878
1 72 651.132082
1 70 74.160970
1 67 700.619965
1 66 629.479703
1 65 649.706986
1 63 830.011834
1 52 747.802867
1 44 530.807988
1 35 163.131499
1 32 4.161609
1 31 870.539865
1 30 997.798999
1 29 889.955644
1 27 157.807129
1 23 461.420473
1 22 69.906398
1 20 134.902412
1 13 240.062372
1 12 521.563380
1 11 950.104032
1 10 745.071389
1 9 793.470388
1 7 152.389792
1 5 232.261539
2 97 449.105112
2 94 114.667814
2 92 783.281994
2 91 410.787938
2 85 326.013463
2 81 557.560613
2 78 883.036592
2 75 658.746634
2 72 427.327721
2 71 331.385820
2 68 107.848282
2 67 151.229985
2 54 138.238454
2 52 221.965542
2 48 603.108826
2 45 180.421238
2 39 273.911169
2 34 904.932471
2 32 793.656839
2 26 685.785792
2 21 436.496997
2 19 827.391135
2 18 984.363203
2 17 329.642079
2 16 775.767243
2 11 111.275632
2 8 260.496942
2 7 532.440973
2 4 920.914357
3 99 926.575795
3 93 394.521292
3 88 157.139183
3 82 341.354471
3 80 655.368107
3 78 5.709142
3 75 618.958334
3 74 685.721792
3 73 32.892650
3 63 532.959837
3 55 649.658964
3 51 380.214674
3 50 555.397736
3 48 385.748235
3 45 401.187652
3 42 674.605244
3 40 198.020588
3 35 257.468900
3 30 357.193057
3 29 826.769410
3 28 481.733354
3 26 98.837421
3 25 829.808300
3 21 609.729115
3 13 589.636708
3 9 457.715608
3 8 51.508286
3 2 99.559296
3 0 473.893977
4 97 923.692263
4 95 18.910755
4 93 560.871769
4 89 646.520183
4 88 373.555840
4 86 606.542169
4 82 477.960880
4 75 761.612445
4 71 458.038986
4 66 477.551231
4 53 219.787836
4 50 74.260430
4 43 717.596749
4 42 406.766574
4 41 413.077831
4 37 814.351419
4 35 489.810002
4 31 700.910349
4 30 579.021505
4 21 795.490410
4 19 604.378772
5 95 514.382181
5 94 256.227886
5 87 845.122878
5 86 683.573997
5 85 759.208425
5 83 703.186247
5 77 522.628661
5 75 931.518062
5 72 264.171878
5 65 584.585169
5 64 587.011205
5 62 925.219627
5 60 889.553188
5 59 589.118606
5 58 244.148613
5 57 101.454154
5 56 591.110600
5 55 809.370677
5 48 766.701149
5 42 661.791579
5 41 523.548375
5 35 34.716355
5 32 244.068722
5 29 393.746091
5 28 614.226705
5 25 461.847784
5 24 160.824423
5 23 946.924666
5 22 126.669243
5 20 202.976979
5 19 282.283760
5 15 865.679019
5 14 946.640492
5 8 292.889113
5 2 447.981526
6 97 777.410239
6 96 143.941630
6 94 755.945498
6 81 807.959259
6 78 789.243720
6 69 387.996133
6 68 927.865780
6 66 47.182606
6 61 780.250516
6 60 461.949067
6 59 649.786549
6 57 308.246855
6 56 452.649831
6 53 38.264836
6 48 668.325550
6 46 880.683174
6 45 659.877610
6 43 81.265035
6 34 981.108590
6 31 173.300630
6 30 746.730329
6 29 809.742774
6 28 274.896538
6 26 787.642376
6 22 578.612574
6 19 475.947354
6 17 961.565174
6 15 711.354872
6 14 84.410995
6 11 190.983548
6 7 708.262450
6 5 487.254163
6 4 23.863199
7 94 180.136343
7 89 94.319880
7 85 349.324064
7 84 653.086683
7 82 693.370288
7 81 268.684228
7 72 673.648162
7 71 837.985891
7 63 994.195973
7 62 861.265012
7 59 44.729470
7 56 808.616774
7 54 2.827794
7 53 293.171477
7 52 858.865985
7 49 749.443160
7 47 576.721028
7 46 224.415482
7 40 901.548616
7 39 599.644450
7 34 805.788980
7 31 325.711448
7 26 178.986643
7 24 76.753377
7 20 590.407112
7 15 673.996065
7 11 294.601301
7 8 506.914654
7 5 657.643045
7 4 199.723841
7 3 479.777140
7 2 888.432852
7 0 666.707096
8 99 325.177096
8 95 675.320140
8 90 650.065586
8 81 360.164285
8 80 187.693169
8 71 112.911210
8 70 828.621555
8 69 547.722841
8 66 925.378699
8 65 639.198518
8 64 886.344330
8 62 698.096270
8 59 186.028539
8 57 264.623835
8 54 996.041547
8 48 552.737596
8 45 721.822436
8 44 748.678366
8 43 627.517823
8 42 188.248060
8 39 820.925643
8 37 921.404704
8 35 900.896352
8 29 962.551106
8 27 803.226685
8 21 461.488904
8 18 219.853357
8 17 419.143898
8 15 897.883112
8 14 20.508352
8 5 802.603709
8 4 869.089671
8 2 600.405443
8 1 426.554521
9 95 468.184620
9 92 434.739940
9 88 647.547697
9 87 267.083215
9 86 307.763222
9 85 0.046878
9 78 854.648060
9 72 90.129703
9 65 678.160993
9 63 727.275723
9 62 31.606356
9 61 247.962312
9 57 167.241094
9 53 819.101622
9 52 597.113510
9 51 705.299943
9 46 787.196855
9 43 950.885271
9 24 448.422837
9 23 214.740864
9 19 463.442011
9 16 417.173598
9 12 224.643256
9 8 745.154404
9 7 13.161464
9 5 385.281606
9 3 138.113732
9 2 243.527687
10 97 424.773735
10 92 717.512457
10 88 413.731830
10 85 539.583928
10 82 34.306822
10 79 806.148608
10 76 748.941970
10 63 133.547760
10 59 764.924660
10 58 736.900809
10 57 646.840475
10 54 360.913945
10 53 633.522169
10 52 169.176708
10 51 969.209766
10 50 728.295674
10 49 6.425603
10 48 703.570679
10 32 256.673314
10 31 324.096348
10 29 67.607830
10 27 925.318484
10 23 379.874428
10 15 157.554677
10 7 564.251741
10 6 769.121364
10 4 769.074486
10 3 82.576973
10 1 101.123717
10 0 194.947505
11 99 488.449973
11 95 235.245184
11 93 970.692635
11 83 15.699240
11 77 792.994631
11 69 265.818330
11 68 963.092105
11 65 726.144227
11 64 143.224128
11 56 578.702473
11 55 992.351562
11 52 329.308529
11 49 821.842085
11 47 762.678770
11 46 793.878512
11 38 20.863916
11 37 283.917008
11 36 123.969469
11 25 30.065118
11 16 213.122200
11 14 340.025636
11 12 926.293806
11 2 292.207410
11 1 943.081449
12 98 670.024073
12 97 158.587039
12 96 908.108590
12 93 118.126411
12 91 784.294533
12 89 832.224809
12 85 822.875068
12 83 919.481495
12 75 417.489388
12 74 862.146705
12 73 60.155677
12 66 862.917861
12 62 657.521717
12 60 146.135359
12 59 3.231047
12 58 90.368133
12 56 821.128768
12 53 149.882093
12 46 381.762155
12 41 326.679930
12 39 511.386358
12 37 931.337971
12 35 321.982217
12 34 37.406338
12 33 14.806895
12 32 483.742369
12 25 835.050134
12 23 656.098421
12 22 641.188148
12 20 815.293572
12 17 11.745297
12 13 109.337155
12 7 909.528663
12 2 845.004952
12 1 178.951714
13 98 579.175513
13 95 255.076496
13 94 285.364721
13 92 461.705803
13 88 637.053958
13 84 100.276420
13 82 285.079591
13 80 400.536160
13 78 553.924688
13 77 687.293839
13 74 291.188215
13 59 815.196830
13 50 339.731861
13 45 271.467864
13 44 120.242671
13 43 687.545505
13 42 144.199993
13 36 640.112575
13 35 930.653400
13 33 37.931958
13 32 615.935277
13 27 436.148592
13 24 347.286625
13 23 529.754044
13 20 203.578048
13 19 263.616504
13 11 892.721442
13 8 447.122629
13 6 976.797832
13 5 595.962682
13 3 896.618441
13 0 318.190822
14 88 894.710853
14 86 162.572499
14 85 170.368143
14 84 812.188587
14 83 18.932900
14 82 543.164874
14 80 425.894247
14 78 158.315775
14 77 998.141859
14 68 798.474368
14 62 108.607589
14 59 771.247646
14 58 117.270627
14 57 405.088663
14 55 567.816883
14 50 64.341583
14 45 939.878557
14 32 849.692156
14 31 837.271781
14 30 17.519782
14 23 44.361854
14 20 320.772075
14 19 688.575860
14 13 257.938572
14 7 645.506492
14 0 133.100201
15 97 114.593926
15 92 744.149276
15 89 750.337117
15 86 18.987888
15 77 32.183922
15 75 980.315044
15 74 684.798523
15 68 48.531740
15 64 124.236274
15 62 883.298944
15 61 564.484129
15 58 787.729289
15 54 51.868879
15 51 306.902312
15 49 180.886186
15 47 500.706553
15 45 247.430511
15 43 173.372806
15 42 920.479500
15 38 450.116590
15 36 206.047102
15 33 989.134403
15 30 401.281943
15 25 158.015249
15 23 110.427054
15 21 488.733105
15 20 595.484266
15 19 293.990762
15 17 848.912176
15 16 49.473191
15 14 677.341727
15 12 782.630875
15 7 445.836492
15 3 47.588196
15 1 621.693949
16 97 987.547072
16 90 2.113048
16 88 815.162384
16 87 517.855955
16 84 277.872989
16 82 719.399914
16 81 156.256663
16 79 557.481457
16 78 633.733816
16 77 259.345138
16 75 189.401365
16 70 910.261554
16 69 816.667419
16 67 714.232991
16 66 737.611405
16 64 558.473075
16 60 598.775206
16 55 490.891499
16 54 905.346242
16 46 387.272675
16 45 28.500382
16 42 179.138330
16 41 800.707775
16 40 557.002416
16 37 202.787277
16 31 288.956561
16 30 300.274549
16 18 783.413445
16 10 119.223959
16 4 49.932930
16 0 575.202751
17 98 864.441846
17 95 723.837972
17 93 765.058087
17 89 710.806943
17 88 429.751283
17 81 44.795931
17 77 917.717218
17 68 859.687364
17 65 309.981544
17 63 477.886531
17 62 252.052739
17 61 545.355723
17 51 590.517605
17 47 928.602951
17 45 222.224722
17 43 503.393565
17 42 832.095014
17 41 317.547606
17 34 732.818263
17 33 215.033427
17 29 561.940886
17 24 706.378229
17 21 868.474079
17 10 236.489515
17 3 737.269746
17 0 629.470555
18 99 898.882179
18 97 953.273935
18 88 976.934712
18 85 552.691752
18 84 462.033375
18 81 659.111680
18 80 318.000400
18 75 945.608244
18 71 236.531044
18 66 675.750451
18 63 358.727410
18 53 661.914159
18 52 476.366312
18 48 699.783762
18 47 125.433207
18 44 280.187502
18 43 538.567893
18 42 939.121142
18 41 32.735117
18 40 452.904872
18 22 437.666788
18 21 559.334676
18 20 153.375067
18 19 425.360554
18 14 394.260103
18 9 542.246563
18 5 650.756625
19 96 749.457011
19 95 886.749100
19 91 818.996352
19 90 201.066761
19 89 294.901216
19 87 131.244440
19 84 45.454077
19 81 202.309926
19 79 395.616863
19 70 75.401085
19 64 163.656776
19 62 418.924618
19 60 979.751991
19 55 978.167350
19 52 995.298377
19 51 995.911884
19 49 311.602374
19 45 433.229760
19 41 744.732158
19 38 804.509765
19 36 349.712921
19 34 871.850790
19 33 74.505440
19 30 703.920649
19 29 684.309510
19 16 305.559531
19 12 73.823764
19 7 419.502245
19 5 383.013392
19 0 633.988054
20 98 113.530427
20 96 364.694623
20 92 130.979425
20 91 479.169855
20 89 857.159341
20 86 165.934273
20 82 853.775990
20 78 690.916783
20 75 748.835804
20 72 88.130148
20 69 834.149158
20 68 622.010514
20 65 864.015877
20 62 596.480335
20 60 114.054476
20 56 962.517605
20 54 479.687605
20 52 27.283765
20 42 224.338150
20 37 482.425858
20 32 603.984276
20 30 943.458532
20 22 828.721036
20 21 274.335394
20 14 988.606470
20 12 169.610119
20 8 271.102181
20 6 147.407220
20 5 948.205921
20 4 992.768387
21 99 169.592138
21 98 881.520975
21 93 244.277215
21 90 831.322874
21 88 609.736115
21 86 309.960921
21 80 331.916964
21 79 221.170602
21 78 926.588505
21 77 164.654201
21 74 385.000795
21 71 695.039663
21 69 943.600571
21 67 951.849879
21 66 974.865048
21 65 472.507021
21 60 154.393400
21 59 142.225024
21 53 291.172671
21 51 477.995882
21 49 751.439093
21 46 921.811564
21 42 393.948431
21 38 361.881450
21 37 969.070497
21 35 613.683420
21 34 794.762866
21 30 923.363849
21 29 726.556789
21 27 759.688401
21 25 316.091287
21 24 152.517791
21 18 151.024769
21 17 338.426001
21 15 355.387077
21 8 352.506452
21 7 867.977290
21 3 443.597113
21 1 34.380313
22 98 493.503099
22 95 778.151518
22 93 556.905395
22 90 797.337121
22 86 450.056332
22 82 86.795482
22 73 499.955710
22 71 321.525961
22 64 200.379171
22 59 694.985105
22 56 123.837616
22 55 967.725934
22 50 655.913743
22 49 178.429748
22 44 30.963450
22 43 192.586326
22 40 496.177824
22 38 270.802560
22 37 974.397714
22 32 136.962182
22 31 335.712282
22 27 369.792705
22 26 501.173503
22 17 551.721433
22 16 225.375264
22 15 770.773808
22 13 221.536256
22 2 89.160960
22 1 268.558460
23 98 670.765899
23 95 590.602388
23 93 602.220798
23 92 829.753537
23 88 857.977687
23 86 580.363973
23 79 252.430354
23 76 53.613264
23 70 13.340603
23 68 534.025178
23 64 664.511461
23 58 971.057944
23 56 685.173275
23 55 589.339101
23 51 577.209167
23 46 479.315425
23 43 473.804531
23 35 173.579136
23 34 285.884669
23 26 221.551214
23 24 13.881107
23 14 899.686776
23 8 987.592226
23 5 984.264011
23 3 522.447791
23 1 781.218962
23 0 980.376361
24 94 841.657157
24 93 139.814091
24 89 522.074981
24 83 646.112544
24 80 599.119054
24 77 253.219898
24 75 302.289745
24 67 858.894641
24 65 756.846335
24 64 521.582650
24 61 315.721168
24 48 722.097288
24 42 504.795872
24 41 18.409107
24 36 584.131983
24 31 628.839580
24 28 825.596455
24 27 139.221283
24 21 193.678893
24 18 563.550485
24 11 101.735311
24 10 283.321248
24 1 143.621367
24 0 333.857152
25 99 483.083062
25 97 442.740365
25 92 455.144508
25 89 868.918102
25 88 236.512431
25 84 142.948752
25 83 375.404964
25 75 40.342696
25 74 93.365858
25 70 258.368322
25 69 31.649464
25 68 692.542267
25 61 130.842131
25 57 360.304710
25 52 397.874222
25 50 530.951821
25 43 485.337446
25 42 806.438122
25 38 617.386513
25 36 290.104013
25 35 585.846494
25 24 84.289367
25 22 23.453135
25 21 500.897757
25 20 38.228730
25 19 501.177687
25 18 765.887143
25 15 327.282500
25 14 859.686308
25 13 578.054037
25 12 658.659449
25 11 25.666880
25 5 523.216169
25 1 59.492362
26 98 799.916628
26 91 485.058515
26 90 389.887928
26 84 410.650562
26 79 135.874870
26 74 409.634552
26 72 87.564803
26 71 952.307519
26 60 787.347287
26 58 444.349609
26 52 183.499617
26 49 322.069748
26 47 974.202104
26 44 530.892439
26 39 950.713526
26 32 265.538855
26 25 822.086361
26 19 689.566251
26 18 205.992789
26 17 717.508060
26 16 521.385811
26 8 520.451486
26 5 317.206223
26 4 615.841741
26 1 464.353247
26 0 43.817405
27 99 240.596635
27 95 275.351802
27 90 537.605691
27 85 428.720395
27 81 491.570712
27 72 248.032802
27 71 329.891530
27 69 554.866445
27 66 695.534652
27 64 954.367639
27 62 99.316424
27 60 220.672849
27 58 18.774329
27 55 423.981310
27 54 122.216960
27 51 25.853058
27 50 775.025085
27 49 860.833846
27 44 970.609695
27 38 812.821458
27 37 81.782702
27 33 499.773381
27 31 723.519410
27 23 962.125208
27 16 976.407640
27 7 588.845981
27 5 892.115951
27 4 99.846943
28 98 22.916010
28 93 281.646866
28 92 119.963833
28 83 998.525149
28 81 235.388477
28 79 383.284889
28 77 961.843173
28 71 391.488138
28 70 268.023008
28 67 454.491276
28 66 896.492585
28 60 763.136672
28 55 421.441717
28 54 729.809856
28 53 663.049428
28 51 958.292868
28 50 284.873879
28 43 674.919454
28 41 749.422306
28 25 951.620040
28 18 267.248726
28 13 515.835100
28 11 978.229410
28 7 768.013332
28 6 319.783931
28 1 19.217312
28 0 643.399977
29 95 984.386097
29 91 318.034939
29 77 842.225615
29 76 588.804793
29 73 526.172938
29 72 966.573121
29 67 195.478194
29 64 873.216879
29 62 847.029664
29 61 97.477514
29 59 17.835488
29 58 837.417379
29 47 643.375854
29 45 359.983638
29 43 282.015721
29 41 26.187214
29 38 257.326641
29 37 176.006401
29 35 109.344700
29 34 757.499493
29 33 253.805154
29 32 914.521902
29 25 283.392216
29 24 947.894058
29 22 672.177991
29 16 454.648542
29 15 289.517516
29 14 961.595656
29 10 248.124930
29 4 440.812776
29 3 51.766135
29 2 168.777711
29 1 822.139410
30 92 750.374489
30 91 285.542532
30 90 681.625143
30 89 495.223820
30 87 285.945989
30 83 893.118685
30 81 287.895199
30 75 296.032674
30 74 755.033230
30 69 456.954965
30 67 453.672992
30 66 209.277832
30 58 11.788117
30 54 541.074605
30 52 553.742584
30 51 533.348453
30 50 747.156885
30 49 164.764435
30 47 3.281973
30 41 73.749000
30 36 167.178706
30 29 856.141308
30 23 482.384077
30 22 773.602849
30 15 524.819224
30 12 728.256419
30 11 962.341662
31 99 29.362764
31 98 198.083081
31 95 954.703957
31 94 895.901128
31 91 554.068428
31 90 319.776219
31 87 674.979920
31 85 364.189774
31 81 149.963571
31 79 135.586293
31 75 197.160903
31 64 403.447078
31 61 91.864488
31 60 516.045493
31 56 14.377278
31 47 268.192493
31 45 580.815234
31 43 328.594529
31 40 92.656931
31 27 891.817286
31 26 989.174877
31 20 878.417034
31 19 252.220704
31 15 219.302789
31 14 297.912278
31 12 69.960128
32 99 144.084247
32 98 478.986937
32 97 207.217016
32 93 559.671553
32 81 285.213157
32 76 647.428813
32 75 242.972886
32 74 29.793393
32 70 809.033541
32 69 251.960969
32 64 958.775004
32 63 970.709695
32 60 368.297892
32 52 978.779651
32 51 494.634129
32 33 682.741966
32 29 579.600777
32 26 621.471773
32 22 411.365789
32 21 184.280204
32 19 154.917440
32 18 706.575264
32 16 964.011573
32 15 448.229109
32 12 750.679388
32 10 430.903169
32 5 971.783343
32 0 266.300816
33 98 320.536955
33 96 93.596374
33 94 859.801629
33 92 986.938577
33 89 623.010108
33 78 887.800111
33 74 102.305912
33 71 233.794745
33 58 885.723238
33 44 886.885665
33 43 360.931693
33 42 618.189794
33 39 316.132814
33 38 595.663086
33 35 96.495308
33 29 74.620275
33 18 382.766919
33 17 699.738110
33 14 846.976804
33 10 373.664684
33 6 689.767878
33 4 176.909826
33 3 333.592942
33 1 791.513060
34 96 473.996767
34 94 750.771886
34 87 931.436853
34 85 376.193386
34 82 356.356045
34 81 788.147594
34 78 394.506486
34 77 318.563851
34 73 723.224881
34 71 291.046325
34 70 98.264915
34 68 384.315899
34 65 891.285282
34 62 163.057328
34 57 558.954792
34 51 275.076283
34 48 449.472415
34 43 829.072434
34 42 229.651945
34 35 654.899401
34 33 191.871349
34 31 246.216947
34 29 617.562966
34 26 706.750456
34 24 735.523399
34 18 294.749144
34 10 374.985373
34 8 223.338216
34 5 489.589229
34 4 454.011912
34 2 971.227057
35 97 31.545985
35 91 727.209234
35 87 482.073494
35 84 286.964181
35 78 379.351496
35 72 777.569533
35 70 787.123485
35 64 455.641048
35 60 693.006783
35 58 875.261305
35 55 119.147145
35 52 856.685953
35 48 990.446048
35 47 133.152546
35 45 358.326753
35 44 323.079244
35 41 101.860553
35 34 908.859611
35 33 464.789103
35 29 615.263369
35 20 30.505095
35 18 790.017242
35 15 733.337935
35 8 415.557776
35 5 230.543948
35 2 81.167118
36 99 217.318021
36 97 209.337906
36 94 549.223507
36 93 214.953168
36 92 957.027605
36 83 729.517110
36 81 392.636713
36 79 574.595505
36 77 482.704361
36 72 855.118802
36 70 100.344064
36 69 413.532991
36 68 637.593324
36 67 476.030355
36 63 846.010100
36 56 91.891144
36 54 499.809765
36 53 353.516133
36 52 437.493245
36 51 754.774738
36 50 889.721237
36 49 388.019178
36 45 847.138673
36 38 874.072994
36 35 693.017477
36 30 854.547880
36 29 373.001056
36 16 835.204893
36 15 941.073563
36 13 792.689124
36 12 931.459949
36 9 220.047408
36 1 273.928228
37 99 815.716496
37 98 515.641908
37 97 534.822106
37 94 903.130355
37 93 310.923411
37 91 12.229351
37 90 276.292444
37 89 119.593720
37 88 714.563136
37 84 750.038601
37 83 703.140766
37 75 914.465466
37 71 616.274809
37 70 3.463807
37 68 979.317243
37 61 142.206395
37 56 568.943316
37 55 145.156616
37 53 48.439883
37 50 868.119655
37 47 491.284857
37 45 317.152192
37 44 834.820039
37 42 504.119164
37 41 298.354766
37 40 304.372922
37 39 66.672790
37 36 458.710122
37 35 348.338440
37 34 269.695571
37 33 567.159632
37 27 499.884039
37 25 106.706499
37 21 259.927014
37 20 947.973236
37 19 157.186174
37 13 21.083490
37 12 529.557101
37 9 713.639950
38 99 742.907452
38 92 129.111292
38 89 234.811116
38 88 322.409227
38 87 93.137722
38 83 240.253473
38 78 433.318851
38 77 161.019465
38 76 335.683744
38 67 563.874631
38 65 929.023135
38 60 776.478627
38 59 516.498124
38 58 648.925613
38 53 2.815565
38 52 563.182769
38 51 356.942362
38 43 887.116739
38 34 563.883289
38 33 620.851280
38 29 204.494517
38 20 51.216778
38 18 516.394673
38 15 103.632591
38 14 585.114621
38 2 816.655198
38 1 155.687212
39 99 558.363154
39 94 601.599444
39 89 994.895081
39 87 168.829053
39 83 569.312953
39 73 812.217996
39 72 637.886154
39 71 962.155011
39 64 826.066029
39 61 351.978452
39 57 519.350176
39 53 715.045071
39 49 667.672281
39 42 521.366332
39 40 400.047589
39 38 665.393745
39 33 376.291149
39 32 651.781248
39 28 66.010715
39 25 303.839065
39 24 557.722170
39 22 814.814719
39 20 407.591011
39 18 772.868280
39 11 171.566282
39 1 872.922263
40 99 394.076089
40 97 659.527428
40 96 419.139405
40 95 595.243482
40 94 479.325832
40 91 206.512814
40 88 746.396300
40 87 223.665232
40 68 209.382495
40 64 211.238211
40 56 787.263032
40 55 412.984084
40 51 458.771656
40 49 340.848922
40 47 173.299096
40 36 273.637706
40 32 793.792634
40 31 708.441633
40 30 942.318895
40 27 626.412836
40 25 815.214166
40 17 495.130796
40 14 296.602141
40 10 928.843372
40 9 623.144486
40 0 979.453067
41 95 733.973084
41 92 16.937237
41 90 666.368962
41 88 964.414820
41 87 568.618349
41 85 1.257214
41 83 167.532002
41 76 248.181638
41 74 770.647996
41 73 931.261180
41 72 479.357512
41 70 929.468640
41 59 7.013685
41 51 477.533642
41 42 944.336466
41 40 738.155638
41 39 363.496483
41 37 733.635923
41 35 583.101194
41 29 556.423742
41 28 318.528496
41 26 477.308309
41 25 830.867089
41 24 976.479474
41 18 665.494372
41 17 629.860560
41 16 236.332631
41 3 930.893745
41 2 433.330668
42 99 313.896468
42 92 451.099534
42 89 759.350514
42 86 682.129040
42 85 753.552021
42 79 812.529189
42 76 982.038474
42 74 737.074823
42 66 704.119129
42 61 644.944019
42 60 886.992000
42 58 93.790164
42 57 313.587845
42 56 908.329457
42 55 300.445832
42 54 244.963651
42 52 752.120888
42 50 215.213042
42 49 194.191478
42 48 527.652990
42 44 757.085270
42 38 37.832069
42 36 185.082425
42 33 948.253645
42 31 492.842763
42 27 623.343971
42 26 689.720427
42 24 624.591606
42 21 98.758342
42 12 302.855316
42 11 806.007991
42 9 139.639029
42 8 955.934917
42 6 387.316568
42 4 386.059355
42 3 839.190648
42 2 844.376612
42 0 461.369849
43 99 657.365646
43 93 65.684580
43 92 577.180324
43 91 254.566639
43 90 418.821731
43 89 138.941253
43 88 144.412370
43 86 446.542309
43 82 299.199953
43 81 520.530208
43 80 207.596662
43 77 716.207610
43 70 663.814497
43 69 58.440443
43 68 952.354392
43 61 613.201684
43 60 77.665132
43 53 99.454449
43 44 205.445486
43 41 254.484332
43 38 235.652146
43 35 425.883063
43 32 358.781709
43 30 534.965933
43 25 171.439623
43 22 451.207686
43 19 861.267464
43 16 528.316306
43 3 946.819502
43 2 437.341348
43 1 218.096200
44 94 984.486321
44 93 504.614389
44 92 731.950343
44 90 878.748323
44 87 38.381407
44 86 988.645820
44 83 225.745508
44 80 36.696195
44 79 571.839072
44 77 344.086181
44 75 310.827005
44 69 840.807729
44 68 2.223585
44 62 935.788194
44 60 250.811261
44 56 709.668119
44 53 33.259176
44 41 114.344667
44 40 605.034912
44 31 990.255822
44 29 161.217929
44 27 565.847859
44 23 56.392485
44 18 404.403386
44 14 270.153292
44 13 695.717133
44 6 980.848570
44 5 595.370071
45 99 715.901821
45 96 810.931764
45 93 51.848306
45 87 66.408612
45 75 461.324901
45 71 617.585213
45 70 827.517419
45 65 870.954236
45 59 990.426902
45 56 931.183417
45 53 983.839109
45 50 718.930358
45 43 766.665086
45 42 464.239942
45 39 494.606245
45 34 143.095019
45 32 350.189925
45 31 95.177986
45 26 807.650355
45 24 470.398897
45 22 108.081686
45 20 317.603548
45 13 585.074086
45 11 792.905094
45 9 68.029564
45 7 786.109124
45 2 81.277636
45 0 44.581441
46 97 573.682749
46 95 511.673024
46 89 121.705586
46 87 635.845661
46 78 79.123415
46 72 160.338162
46 71 229.079399
46 70 42.576029
46 62 202.383034
46 58 82.722433
46 52 333.532849
46 48 238.220525
46 47 19.433696
46 45 133.915442
46 42 374.763725
46 40 356.943921
46 39 368.346765
46 33 674.872586
46 31 105.066011
46 25 533.339077
46 20 733.721625
46 19 994.013531
46 18 42.097284
46 17 150.051095
46 15 324.874065
46 14 770.089316
46 13 599.531008
46 8 607.860096
46 7 969.674625
46 2 293.583762
47 99 853.813297
47 95 451.459392
47 92 790.923663
47 89 820.287149
47 84 94.787595
47 83 481.613406
47 77 466.083815
47 72 312.928672
47 70 335.087281
47 65 246.215532
47 57 943.394594
47 52 520.901705
47 49 101.945008
47 45 972.397220
47 40 334.605826
47 35 762.940225
47 32 876.983512
47 30 136.250023
47 23 124.103617
47 21 524.677922
47 16 270.570619
47 11 224.286384
47 9 129.428012
47 7 32.047981
47 3 403.852309
47 1 35.931431
47 0 599.425696
48 98 179.092173
48 94 229.890976
48 93 636.750013
48 92 824.399993
48 87 547.363851
48 84 173.123857
48 80 618.198190
48 74 343.270662
48 71 286.908650
48 68 349.747969
48 66 77.567272
48 65 401.829528
48 56 58.757234
48 53 836.183730
48 47 685.175177
48 45 731.693680
48 44 855.060670
48 43 160.478877
48 42 919.058816
48 39 299.381106
48 37 751.878392
48 33 439.449324
48 32 331.936524
48 27 537.643315
48 26 953.481497
48 24 459.512984
48 18 998.962106
48 16 547.502714
48 15 318.297545
48 14 359.783997
48 7 547.014964
48 4 524.679975
48 0 106.391102
49 96 526.523830
49 93 760.313126
49 92 537.713597
49 82 203.717393
49 81 562.327998
49 80 939.045184
49 78 425.931961
49 76 209.954887
49 75 904.844005
49 74 851.692226
49 73 293.104435
49 71 746.321155
49 64 426.390232
49 60 90.564112
49 57 160.396751
49 56 215.977074
49 54 969.017111
49 48 546.783281
49 46 218.503080
49 44 175.564310
49 43 941.801258
49 42 988.815567
49 40 693.587142
49 38 577.450890
49 36 297.136149
49 35 588.079936
49 33 969.022315
49 32 522.271515
49 30 667.544387
49 26 42.938770
49 24 84.471453
49 21 295.228425
49 20 993.905726
49 18 997.397923
49 16 767.506947
49 13 225.776193
49 9 99.222177
49 7 536.596549
49 3 42.143229
50 98 570.694511
50 97 551.087534
50 93 687.398147
50 88 166.614280
50 83 416.259315
50 74 6.137720
50 65 802.651841
50 53 137.364065
50 52 288.277453
50 49 355.459633
50 48 133.658561
50 45 281.686530
50 38 577.804955
50 37 685.672039
50 33 444.206476
50 31 956.228696
50 30 963.298861
50 27 706.577462
50 26 689.828642
50 24 489.583103
50 23 634.119694
50 22 432.099000
50 20 817.037210
50 18 290.513381
50 14 292.153818
50 9 130.071611
50 7 665.193310
50 5 461.475916
50 3 172.028900
51 99 430.836065
51 98 477.312213
51 92 803.242384
51 91 35.442316
51 90 62.073156
51 89 707.971789
51 87 424.908643
51 83 166.258338
51 81 805.354051
51 77 233.048434
51 74 372.424301
51 70 530.506749
51 66 597.793404
51 60 784.107957
51 59 360.904287
51 58 154.444026
51 57 398.795431
51 56 301.460271
51 50 46.119055
51 49 259.836991
51 45 334.424842
51 41 341.693782
51 39 313.109702
51 37 111.404094
51 36 601.727012
51 35 926.396857
51 26 230.484212
51 17 193.270863
51 15 869.256650
51 14 152.463680
51 13 24.066214
51 6 493.548610
51 5 954.775793
51 4 259.926690
51 0 177.184687
52 99 390.914985
52 91 286.089112
52 80 355.285401
52 69 101.475461
52 68 251.348494
52 67 84.943438
52 60 89.894603
52 49 681.899485
52 41 57.593746
52 36 692.326487
52 30 136.106799
52 26 20.992876
52 23 839.041032
52 22 846.796253
52 18 247.535189
52 16 303.828791
52 13 225.622877
52 12 487.569844
52 10 425.496687
52 9 101.890760
52 4 689.023595
52 0 797.239972
53 89 133.375122
53 86 401.272530
53 83 779.498973
53 82 967.870570
53 76 687.171842
53 70 223.609831
53 67 704.256939
53 64 733.550647
53 57 662.561312
53 54 972.214750
53 52 846.401116
53 49 897.932450
53 43 727.456252
53 41 502.601837
53 33 396.902004
53 31 122.051715
53 26 262.218042
53 25 976.515220
53 21 615.769401
53 19 224.854416
53 16 382.889123
53 13 374.991261
53 11 965.501739
53 10 886.815669
53 4 455.836291
53 3 513.221878
53 2 546.156260
54 95 427.909039
54 88 804.701824
54 85 446.214559
54 82 306.620538
54 80 453.183710
54 78 601.144213
54 73 13.519112
54 71 846.241286
54 69 923.055284
54 64 673.975563
54 60 339.623137
54 56 852.039498
54 52 614.800943
54 48 167.277827
54 46 923.186002
54 43 589.939415
54 39 985.679420
54 37 441.496450
54 35 268.289141
54 33 229.905008
54 30 635.087566
54 26 204.518850
54 20 520.186150
54 14 925.858283
54 13 173.207309
54 12 917.072325
54 11 760.714167
54 8 242.260569
54 6 973.890251
54 0 435.208533
55 98 565.764400
55 97 961.193616
55 95 777.883796
55 94 383.130840
55 83 110.091252
55 72 524.267772
55 71 183.309820
55 69 755.933052
55 66 168.346058
55 64 334.472913
55 63 125.528216
55 60 67.489176
55 58 765.041395
55 44 943.297575
55 40 833.873146
55 39 504.214282
55 37 529.485875
55 36 251.231017
55 35 302.447782
55 34 865.539001
55 29 816.551987
55 28 355.348287
55 24 132.522439
55 22 463.518105
55 17 974.728407
55 16 271.849850
55 15 744.726378
55 13 163.058625
55 10 408.132050
55 9 384.256033
55 5 353.351308
55 4 485.543953
55 3 669.004334
55 2 993.500014
56 97 681.264470
56 91 672.655475
56 90 489.521554
56 89 590.828490
56 86 502.947015
56 81 1.460789
56 80 14.150982
56 77 307.061370
56 75 132.575531
56 72 339.387929
56 68 685.265268
56 67 525.848014
56 60 720.976984
56 57 219.720424
56 53 415.199009
56 51 998.829622
56 49 381.027253
56 41 881.468272
56 38 914.952254
56 35 801.043960
56 34 397.625487
56 25 957.640189
56 11 502.107115
56 10 480.246969
56 0 965.356841
57 98 925.015996
57 97 309.342053
57 94 4.890699
57 92 359.733333
57 85 856.268850
57 83 845.161252
57 82 395.301918
57 80 786.975868
57 78 482.105527
57 74 963.989632
57 63 0.223212
57 62 130.790829
57 61 12.359097
57 56 195.055356
57 54 973.541652
57 49 672.171892
57 44 570.411832
57 43 89.009740
57 41 696.864600
57 39 181.713569
57 33 303.455709
57 31 590.738522
57 29 98.309701
57 28 248.473878
57 27 926.060149
57 26 841.783863
57 18 515.151031
57 12 202.238741
57 9 962.316522
57 8 492.428821
57 6 989.481806
57 5 21.416416
57 3 439.810975
57 1 425.659993
58 98 322.166054
58 97 624.069580
58 95 189.565817
58 90 334.332745
58 88 858.776511
58 85 607.131196
58 81 237.336388
58 80 486.784083
58 76 941.158275
58 74 434.503764
58 71 254.511733
58 67 475.556235
58 61 24.183675
58 57 500.407843
58 50 506.654511
58 49 447.068847
58 44 455.307289
58 42 751.637632
58 34 785.977024
58 31 274.666676
58 29 766.131678
58 23 230.974225
58 21 823.852702
58 15 120.669250
58 7 738.834975
58 6 508.534998
58 5 183.517512
58 2 931.341304
58 1 143.220522
58 0 407.121523
59 99 976.327757
59 97 61.233647
59 96 561.120773
59 95 39.664378
59 94 612.764430
59 90 877.992769
59 89 524.243730
59 87 942.828425
59 86 130.838948
59 82 84.136820
59 75 839.184839
59 71 365.367690
59 69 810.671296
59 65 581.415305
59 62 276.288971
59 58 838.064106
59 57 252.605506
59 54 44.085058
59 52 435.807151
59 51 259.461522
59 48 554.696394
59 47 554.083281
59 44 656.384824
59 41 191.415235
59 36 746.071757
59 35 263.681551
59 30 351.339942
59 27 587.024935
59 24 542.973243
59 20 870.172149
59 19 509.358366
59 17 841.378346
59 15 158.410062
59 10 814.090195
59 4 966.015614
59 1 27.511565
60 98 831.716172
60 97 897.291668
60 96 699.950746
60 88 113.248272
60 87 422.540576
60 82 862.536885
60 81 129.693080
60 76 148.711107
60 68 6.591372
60 65 601.284373
60 57 366.726827
60 48 628.490297
60 43 837.615404
60 42 317.897401
60 41 486.525301
60 38 420.487567
60 37 830.330907
60 28 852.568621
60 27 898.085206
60 22 838.398632
60 19 726.460984
60 11 105.772396
60 4 309.056251
61 98 662.306204
61 95 561.585496
61 89 156.077228
61 87 943.340252
61 86 386.280824
61 85 245.995675
61 82 179.353511
61 80 176.175438
61 79 28.128580
61 78 581.150138
61 67 334.408875
61 66 128.892083
61 62 728.654503
61 58 348.001581
61 42 614.615071
61 28 106.353598
61 22 3.989308
61 9 854.703675
61 5 93.779451
61 3 48.741440
62 99 266.706232
62 95 507.140102
62 93 723.734495
62 92 281.310877
62 83 384.574375
62 81 912.210947
62 76 690.671972
62 69 996.865893
62 64 111.704177
62 63 27.291023
62 59 512.128011
62 53 968.227588
62 52 639.271367
62 51 349.539452
62 49 974.408334
62 47 190.543612
62 44 31.269460
62 42 631.030894
62 41 519.944910
62 37 625.690494
62 35 487.130821
62 28 375.131118
62 25 4.201937
62 24 791.098107
62 20 140.915222
62 12 138.559673
62 10 727.095494
62 6 537.767760
62 3 117.832605
63 87 481.517529
63 86 514.962403
63 83 350.262851
63 71 835.887046
63 70 590.775343
63 67 979.130390
63 64 286.320293
63 52 424.330113
63 46 516.716647
63 45 670.301690
63 44 230.429674
63 42 534.283477
63 38 574.909617
63 36 405.537945
63 30 158.506902
63 26 204.659293
63 21 483.846724
63 19 95.284848
63 17 588.144746
63 14 169.371672
63 8 327.726254
63 4 370.828755
63 3 809.130433
64 97 204.397848
64 92 867.396069
64 79 658.420050
64 78 542.018867
64 72 906.531137
64 62 615.024996
64 61 792.012264
64 59 706.522626
64 56 852.193910
64 51 197.608873
64 49 985.530795
64 42 479.965910
64 37 733.352955
64 31 545.972245
64 26 215.854242
64 20 31.847077
64 17 639.798107
64 16 169.045340
64 8 221.467382
64 5 912.304291
64 4 458.913471
64 0 219.490660
65 99 683.591174
65 98 27.842960
65 97 623.585058
65 94 78.739762
65 93 581.728807
65 92 407.936925
65 89 986.926321
65 84 528.173413
65 82 12.059534
65 80 416.042300
65 74 687.388805
65 72 354.467447
65 70 463.331504
65 69 29.277369
65 63 229.922069
65 62 671.556593
65 61 516.113879
65 58 977.236500
65 55 557.688067
65 51 332.921358
65 41 329.084846
65 35 920.096645
65 33 638.739589
65 31 938.117782
65 30 918.572579
65 28 500.048291
65 27 441.785414
65 21 38.219976
65 17 703.921520
65 13 59.031493
65 10 700.621808
65 4 972.180799
66 96 709.379861
66 95 646.105578
66 87 93.698159
66 84 598.529382
66 83 419.748184
66 79 66.053964
66 78 663.781882
66 74 318.696337
66 72 767.929871
66 60 612.974485
66 58 338.781519
66 56 610.398591
66 55 948.299291
66 52 188.592516
66 51 286.120008
66 46 106.274998
66 44 543.224901
66 43 657.171179
66 41 73.071208
66 40 22.013154
66 39 211.025277
66 31 343.710565
66 22 563.050097
66 20 505.188665
66 10 137.873112
66 8 759.213557
66 3 349.830345
66 2 486.559942
66 1 99.633473
67 98 614.141837
67 94 329.314956
67 93 943.297514
67 88 441.622302
67 86 535.565303
67 84 884.117725
67 83 632.968162
67 79 465.537156
67 77 265.901669
67 72 522.031216
67 71 60.445284
67 69 413.221737
67 68 285.178525
67 65 216.707271
67 59 251.781422
67 58 874.121977
67 56 199.635487
67 53 618.504672
67 52 219.654579
67 51 698.511381
67 48 0.952164
67 46 344.304525
67 45 2.758222
67 38 987.807621
67 36 674.486490
67 26 51.287834
67 23 656.647640
67 22 300.474899
67 17 952.618773
67 12 862.314935
67 8 370.858318
67 3 679.171688
67 0 126.718822
68 90 368.985223
68 88 323.102270
68 84 505.247947
68 80 331.047279
68 73 359.747114
68 69 43.083108
68 67 511.937262
68 65 45.882953
68 49 258.593678
68 48 713.323603
68 46 847.626208
68 41 466.054308
68 40 413.811318
68 37 436.756378
68 32 451.366029
68 27 576.769412
68 26 257.736885
68 24 710.495368
68 18 292.816644
68 12 838.687087
68 11 513.153129
68 6 516.374362
68 5 479.701212
68 4 285.397932
68 3 547.241517
68 1 166.054777
69 99 34.605284
69 97 546.342251
69 93 788.837672
69 91 453.524010
69 88 92.941867
69 83 667.298930
69 82 737.314169
69 79 359.704201
69 75 252.356050
69 74 934.469488
69 70 335.313662
69 67 118.697064
69 62 484.456158
69 61 360.641658
69 60 599.393601
69 51 553.793546
69 48 532.245142
69 46 807.216940
69 44 85.264823
69 43 790.891138
69 40 189.388100
69 39 451.201575
69 35 405.788029
69 34 201.942117
69 32 76.492624
69 28 423.966506
69 27 725.028202
69 23 52.895325
69 20 887.565444
69 19 873.251012
69 16 648.120959
69 15 679.086618
69 13 310.101394
69 11 986.999125
69 4 3.076084
69 2 713.640839
69 1 586.456774
70 99 977.266713
70 96 183.969364
70 95 737.892744
70 94 37.792850
70 90 139.805028
70 87 602.184870
70 85 691.038550
70 84 100.740293
70 78 398.609610
70 77 10.625335
70 76 455.059733
70 75 7.892504
70 73 301.905122
70 68 711.742827
70 64 911.146320
70 61 363.254663
70 58 254.971683
70 45 348.663138
70 43 33.350626
70 37 728.391072
70 27 395.535432
70 26 992.887713
70 24 120.786167
70 22 608.388822
70 19 557.501434
70 17 945.628671
70 11 44.700998
70 4 940.006875
70 2 872.101546
71 99 981.158340
71 96 958.001306
71 88 429.291585
71 87 646.597692
71 85 200.931441
71 84 479.832199
71 82 229.456632
71 77 747.228863
71 76 9.402292
71 67 582.565552
71 65 755.305232
71 63 445.666251
71 62 193.874252
71 61 839.344477
71 56 682.742733
71 53 686.775912
71 51 658.163339
71 48 852.826370
71 41 110.489115
71 40 300.860316
71 38 345.864593
71 36 428.661719
71 30 248.257568
71 28 913.759787
71 24 309.097352
71 19 531.582331
71 15 177.344819
71 13 879.211720
71 11 352.635446
71 8 288.426295
71 5 366.015499
71 4 683.031645
72 96 855.920901
72 92 277.272949
72 91 969.715158
72 89 55.556816
72 88 5.007335
72 86 722.728177
72 82 369.375619
72 81 208.110535
72 79 837.054210
72 75 117.582281
72 74 469.019035
72 70 164.541842
72 65 523.279952
72 58 175.662970
72 56 371.056325
72 47 634.451112
72 45 920.409582
72 41 473.300524
72 39 427.365118
72 36 654.053015
72 34 804.606645
72 32 384.451859
72 31 90.549882
72 28 362.165586
72 21 855.177192
72 19 864.584199
72 11 58.414400
72 8 402.186959
72 7 226.015594
72 5 746.183395
72 0 765.683120
73 95 178.807626
73 91 426.279110
73 88 439.626258
73 78 928.246411
73 77 443.315023
73 75 252.903039
73 68 731.021286
73 62 663.437945
73 59 467.594818
73 58 29.766996
73 52 368.979850
73 51 799.507810
73 48 510.335596
73 47 72.392165
73 46 53.591082
73 44 632.658231
73 41 981.056694
73 38 387.347861
73 37 124.148405
73 34 39.176027
73 33 118.823553
73 26 453.713334
73 25 962.093859
73 23 956.595853
73 22 877.507995
73 21 522.810342
73 18 315.216448
73 15 487.520005
73 7 348.798386
73 6 76.163136
73 5 374.873625
73 3 5.498006
74 99 342.660849
74 98 866.564521
74 95 109.754521
74 92 10.147370
74 88 631.751628
74 87 572.548376
74 86 850.761548
74 82 810.496612
74 77 951.715074
74 75 395.014696
74 71 500.790192
74 63 590.809344
74 61 201.305930
74 60 827.245066
74 58 557.724439
74 54 545.637409
74 53 556.700378
74 49 322.414713
74 46 997.837025
74 40 389.503414
74 39 474.096301
74 38 578.701218
74 36 324.497326
74 33 348.814382
74 31 280.939547
74 28 215.236140
74 24 75.755231
74 22 481.662965
74 19 81.144589
74 17 204.575674
74 16 254.203892
74 13 789.286034
74 11 67.874835
74 7 494.374512
74 4 346.642827
74 2 594.092266
74 0 150.777243
75 98 401.575238
75 91 623.816938
75 89 474.702343
75 88 925.106505
75 85 383.533276
75 81 876.853440
75 77 757.252310
75 66 769.355203
75 64 617.647009
75 61 907.876825
75 57 588.265583
75 56 65.247646
75 55 547.073917
75 53 322.890817
75 50 104.882021
75 44 679.606262
75 43 965.822354
75 42 27.183784
75 38 904.203553
75 34 682.784117
75 33 936.584893
75 30 376.330825
75 29 635.509670
75 28 557.043886
75 26 831.075959
75 23 531.613873
75 17 439.680295
75 14 67.565346
75 12 458.601017
75 8 935.972296
75 6 363.423920
75 5 725.967927
75 4 335.522008
75 2 525.025396
76 96 914.361055
76 93 704.082320
76 92 902.924572
76 91 169.355748
76 89 94.691991
76 87 557.007234
76 84 796.221896
76 81 148.797627
76 80 696.919058
76 79 134.330324
76 75 186.001763
76 67 74.663757
76 65 537.684758
76 63 913.626049
76 62 623.174392
76 61 856.635060
76 60 204.349944
76 59 917.126248
76 56 228.192545
76 49 988.974512
76 45 536.979000
76 42 765.665846
76 39 558.489388
76 37 147.558757
76 36 844.485875
76 35 777.429358
76 33 647.540774
76 21 912.920291
76 20 605.761268
76 8 129.888584
76 5 792.134636
76 3 953.072423
76 2 169.561781
77 99 497.105109
77 97 255.847604
77 93 174.524148
77 92 182.295654
77 89 932.730384
77 87 891.259736
77 81 68.907703
77 75 848.491791
77 74 878.928695
77 73 380.498707
77 66 355.149464
77 65 856.839312
77 57 629.129337
77 53 532.459467
77 45 682.631235
77 37 730.446025
77 34 432.628169
77 32 707.584681
77 31 727.696471
77 24 301.200844
77 21 11.065722
77 19 941.029291
77 18 164.196981
77 17 583.232792
77 16 975.754854
77 14 271.672533
77 13 725.043488
77 7 938.896488
77 6 366.048170
77 3 888.756833
77 1 739.959205
78 97 233.718217
78 93 466.165920
78 91 314.212822
78 85 357.121485
78 82 946.826590
78 80 639.438264
78 73 392.083130
78 68 501.989241
78 67 923.992269
78 66 799.561191
78 65 42.833643
78 60 145.214016
78 57 58.147535
78 55 104.256424
78 45 798.816105
78 43 823.679279
78 40 610.920820
78 39 901.636076
78 38 692.779068
78 37 837.825690
78 34 953.891111
78 30 596.977073
78 29 76.688848
78 28 194.290678
78 26 79.736445
78 25 975.136827
78 13 394.464975
78 12 366.276778
78 4 962.051545
78 3 114.554233
78 2 6.525337
79 97 863.599189
79 90 990.288009
79 87 712.057201
79 86 987.179040
79 85 101.393975
79 83 175.512307
79 81 131.672863
79 73 73.903572
79 72 454.692506
79 67 132.321561
79 63 507.598928
79 59 7.053670
79 58 43.839444
79 53 240.904594
79 51 253.063088
79 50 819.373566
79 42 386.489091
79 41 324.240559
79 40 153.041680
79 39 789.504895
79 33 651.384234
79 32 198.575999
79 31 987.841506
79 30 829.405037
79 29 234.027726
79 28 772.022981
79 19 86.314956
79 14 348.260177
79 13 135.688628
79 11 621.036996
79 10 28.294439
79 7 763.961272
80 99 292.456468
80 96 745.919756
80 94 963.462583
80 92 629.044402
80 88 823.403138
80 87 822.801510
80 82 221.629221
80 79 267.490095
80 73 226.198901
80 69 334.418181
80 68 201.950112
80 66 670.013701
80 63 509.703451
80 62 965.279997
80 60 227.742689
80 53 70.176084
80 46 466.760682
80 42 165.391145
80 33 400.345233
80 32 211.834479
80 29 502.026080
80 26 554.766326
80 24 878.636254
80 21 360.989289
80 20 392.820304
80 18 573.498511
80 15 517.128636
80 13 719.413618
80 8 730.489371
80 6 526.031098
80 3 997.598387
80 1 865.925524
80 0 542.003968
81 95 153.068029
81 94 648.925399
81 85 667.929703
81 84 872.928260
81 78 64.365875
81 77 760.632648
81 74 241.430584
81 69 403.135250
81 67 21.434193
81 58 364.181173
81 55 761.849520
81 53 147.583718
81 51 748.551798
81 44 381.701057
81 43 987.262459
81 38 330.907276
81 37 544.006394
81 31 614.265802
81 28 887.394915
81 20 568.250350
81 15 212.172913
81 14 139.956832
81 5 215.233883
81 2 120.481492
82 95 292.106174
82 91 33.447327
82 84 663.956256
82 80 746.792163
82 77 148.160350
82 74 454.779322
82 69 879.234371
82 68 710.595019
82 63 61.099939
82 61 347.211320
82 59 543.876325
82 57 232.713084
82 56 604.881194
82 54 799.150661
82 48 362.884639
82 43 992.971847
82 40 713.888619
82 38 803.334995
82 34 897.052445
82 27 550.720724
82 25 650.312891
82 21 828.167092
82 17 240.256642
82 16 910.553624
82 14 492.171753
82 13 904.225357
82 12 631.174458
82 1 766.792403
83 98 457.867277
83 96 473.431170
83 87 485.283229
83 86 992.729898
83 82 854.817827
83 77 476.567757
83 71 85.764276
83 70 918.628872
83 69 953.873043
83 66 612.744747
83 61 82.417022
83 58 930.909226
83 54 594.996147
83 49 530.478058
83 48 876.388429
83 46 884.931435
83 45 493.778457
83 40 760.387428
83 38 494.876905
83 37 387.723927
83 29 134.111260
83 26 372.248480
83 25 991.456994
83 23 603.465432
83 20 576.142877
83 18 485.000488
83 16 522.232954
83 13 533.083449
83 5 857.742989
84 94 959.642737
84 92 577.492802
84 86 54.474119
84 78 138.424928
84 71 67.915651
84 64 47.866452
84 57 229.702412
84 56 219.844665
84 55 273.318146
84 54 312.138843
84 53 587.656588
84 52 328.917985
84 50 451.849491
84 48 730.312548
84 40 165.065211
84 38 331.743297
84 37 303.518577
84 36 895.595913
84 35 742.163246
84 34 496.373072
84 30 877.068494
84 23 973.715115
84 22 828.488509
84 20 370.621232
84 17 20.409623
84 16 342.387765
84 11 58.574323
84 9 65.844425
84 7 155.531550
85 97 215.490230
85 94 302.108963
85 93 715.799152
85 89 212.239255
85 88 329.752942
85 87 60.826138
85 84 941.614970
85 83 305.146034
85 78 7.301057
85 71 926.790957
85 70 390.360810
85 65 90.895722
85 63 133.125403
85 53 364.348965
85 51 37.985784
85 40 238.348785
85 31 66.949278
85 30 465.698784
85 27 326.363181
85 24 336.134033
85 20 684.082126
85 16 409.482575
85 2 383.629258
86 97 250.492385
86 94 626.694373
86 91 59.144458
86 85 609.187958
86 80 343.599511
86 77 886.873336
86 76 494.303648
86 75 568.575159
86 69 752.883188
86 66 758.740396
86 60 289.546295
86 58 645.065914
86 57 922.454114
86 52 228.347078
86 49 508.606560
86 45 354.975910
86 43 847.515191
86 38 906.164321
86 31 443.290351
86 25 455.523380
86 24 105.477079
86 23 333.836853
86 21 507.460719
86 19 291.970490
86 13 553.231216
86 9 362.265663
86 7 301.439525
86 5 359.824556
86 4 579.767691
87 93 183.873449
87 90 359.598886
87 89 531.324448
87 88 913.087515
87 86 778.211302
87 84 225.338829
87 77 494.718404
87 75 299.519374
87 74 490.564793
87 72 832.216520
87 67 306.084422
87 66 480.254438
87 58 958.508659
87 54 830.812256
87 52 447.882540
87 48 479.816091
87 47 798.932752
87 44 344.666340
87 39 916.397580
87 37 668.230579
87 33 864.861789
87 30 963.779679
87 20 376.740895
87 17 527.089150
87 15 450.668552
87 13 391.524093
87 11 91.120031
87 9 481.932074
87 5 633.783487
88 93 241.014253
88 86 486.746615
88 84 613.270588
88 80 882.586524
88 78 211.806137
88 73 522.313418
88 72 508.001255
88 67 703.296839
88 66 930.085385
88 65 434.408003
88 63 938.373868
88 56 19.164745
88 53 949.325788
88 40 907.406846
88 37 56.989752
88 36 614.810646
88 32 932.054239
88 31 627.901451
88 27 664.827129
88 26 102.782405
88 22 27.462033
88 19 566.158945
88 18 35.387003
88 17 356.663237
88 16 890.967734
88 12 714.055612
88 9 952.328051
88 3 153.553446
88 0 334.434108
89 98 322.649889
89 95 700.937536
89 94 199.285014
89 92 870.861907
89 90 712.110900
89 86 610.312693
89 79 841.419388
89 74 163.388092
89 72 353.756135
89 69 328.423107
89 68 83.449184
89 67 115.555639
89 65 402.277654
89 63 79.479709
89 57 265.758700
89 45 442.327272
89 38 322.797945
89 37 536.290464
89 36 144.490628
89 33 588.677917
89 25 981.652278
89 19 809.268648
89 18 100.041687
89 15 791.549368
89 14 980.295421
89 11 677.920371
89 10 288.730584
89 9 603.058849
89 4 659.954479
90 95 800.496333
90 94 194.218195
90 93 634.054898
90 92 634.042903
90 91 52.057587
90 88 62.910448
90 87 787.393883
90 86 266.630710
90 82 441.686812
90 77 633.432121
90 72 630.614314
90 70 440.327169
90 58 308.553792
90 57 958.217145
90 56 703.455654
90 53 611.443557
90 52 637.164727
90 49 376.322131
90 46 652.277892
90 44 169.764707
90 43 60.402000
90 40 153.594137
90 38 496.571875
90 29 331.627929
90 23 877.867040
90 20 580.386192
90 19 842.984311
90 17 142.046775
90 11 13.831428
90 8 160.286110
90 3 207.992129
90 1 366.572741
91 87 34.441575
91 84 418.014328
91 80 535.952966
91 79 388.719057
91 73 216.318330
91 70 148.916723
91 69 975.110328
91 68 8.085166
91 66 475.017114
91 62 68.680232
91 61 779.609715
91 60 34.399429
91 55 16.176283
91 54 631.330851
91 53 830.756951
91 51 645.243760
91 50 110.914689
91 46 826.153879
91 40 16.530200
91 38 670.231309
91 37 470.303463
91 33 785.600287
91 32 411.112581
91 31 185.513191
91 29 503.431672
91 27 608.744035
91 21 275.400857
91 17 968.909558
91 16 594.697647
91 14 400.479452
91 13 281.487701
91 11 87.759972
91 9 682.081520
91 6 905.674036
91 5 715.676912
91 1 481.547419
92 98 170.398776
92 97 189.988548
92 96 999.991895
92 94 411.289436
92 90 848.405982
92 84 930.123050
92 82 699.188879
92 80 748.279849
92 78 251.667377
92 74 206.615944
92 70 584.629285
92 69 438.640139
92 67 202.548750
92 66 986.803945
92 64 409.191563
92 63 230.934171
92 61 950.909030
92 55 248.603367
92 46 431.609831
92 44 664.025577
92 38 297.891877
92 35 454.296557
92 26 884.675317
92 23 74.653277
92 21 767.584254
92 20 535.869466
92 18 853.877346
92 9 483.172215
92 8 134.503778
92 4 425.716157
92 3 456.783005
92 2 856.413572
92 1 307.069023
93 98 25.080855
93 91 35.901148
93 82 354.957406
93 78 655.333920
93 76 154.909561
93 74 50.652634
93 72 419.889725
93 65 686.517594
93 61 482.965020
93 57 524.286034
93 56 301.894514
93 55 500.424359
93 53 104.256927
93 43 182.385107
93 40 121.809708
93 36 478.947638
93 34 479.751176
93 32 242.439022
93 27 327.249693
93 21 513.085112
93 19 282.954943
93 15 305.420398
93 10 811.157185
93 9 22.437807
94 95 580.748237
94 93 140.722526
94 89 134.612280
94 85 129.339567
94 81 187.182143
94 76 625.257674
94 75 489.930590
94 73 13.992070
94 66 530.354436
94 65 190.888835
94 60 549.634057
94 58 960.167482
94 56 289.893993
94 51 475.938520
94 48 756.145846
94 45 41.604146
94 44 566.125606
94 40 912.294092
94 39 317.219943
94 37 872.534623
94 34 808.771951
94 33 925.636092
94 32 521.333053
94 26 132.876865
94 25 841.072183
94 23 375.313777
94 11 377.651070
94 3 150.643352
94 1 830.794177
95 97 38.867957
95 94 347.608756
95 93 932.983585
95 92 353.419895
95 89 31.900810
95 88 677.090303
95 86 461.831329
95 85 912.212718
95 84 307.624634
95 83 528.355871
95 75 691.259201
95 74 587.611534
95 69 69.737073
95 66 234.042312
95 65 911.710715
95 61 601.045602
95 60 284.391941
95 59 355.288593
95 57 103.856626
95 53 640.391524
95 52 756.265832
95 48 48.632167
95 45 42.105715
95 43 52.961685
95 38 844.902476
95 37 361.322893
95 31 349.532901
95 28 994.657202
95 24 450.042431
95 20 23.342544
95 18 615.003133
95 16 343.092991
95 10 507.495965
95 7 20.273156
95 4 348.969215
95 2 571.873060
95 1 734.281812
96 98 273.827245
96 97 423.217689
96 94 153.509296
96 91 712.610457
96 89 994.724086
96 79 27.138310
96 72 98.261136
96 71 269.708393
96 63 648.327373
96 60 253.477268
96 59 479.964861
96 50 11.237810
96 48 122.727565
96 45 598.181657
96 42 376.733199
96 38 799.904685
96 37 518.305208
96 33 576.269874
96 29 628.010304
96 27 888.510245
96 26 878.433837
96 24 439.132412
96 21 518.228808
96 17 311.868315
96 13 369.360705
96 11 878.421690
96 9 201.331386
96 7 739.500058
96 3 439.301425
97 99 346.626054
97 84 14.748568
97 83 478.244174
97 77 535.384869
97 74 283.518866
97 66 604.961789
97 64 489.551242
97 62 484.443218
97 49 562.466361
97 44 951.369859
97 40 115.410547
97 38 5.108024
97 34 967.249302
97 30 405.981081
97 28 632.660067
97 26 307.248377
97 19 248.613102
97 17 95.103805
97 10 426.624043
97 4 986.988989
97 2 959.850679
98 97 422.501506
98 87 687.241564
98 84 690.762884
98 71 130.807906
98 69 495.311409
98 68 868.025839
98 67 498.888414
98 66 927.079026
98 64 880.930892
98 60 56.231653
98 59 44.363580
98 56 642.413031
98 51 731.810638
98 48 951.199386
98 45 281.672942
98 43 46.148133
98 42 876.705706
98 33 269.800213
98 30 572.949925
98 29 386.730590
98 28 852.017163
98 27 348.937055
98 26 221.659453
98 23 235.524808
98 14 996.239109
98 8 665.772715
98 6 270.397677
98 1 630.144920
99 98 519.376103
99 95 424.315766
99 94 461.869410
99 92 652.186339
99 88 28.860638
99 86 597.234708
99 85 349.197388
99 80 51.073642
99 79 865.304877
99 78 566.121818
99 74 293.947145
99 72 809.683072
99 71 250.028291
99 68 322.183110
99 66 222.147952
99 62 546.266483
99 51 605.370491
99 49 176.085937
99 45 747.986964
99 44 28.157230
99 43 285.574509
99 40 807.052869
99 36 104.412053
99 35 75.328234
99 32 60.839415
99 24 991.526035
99 20 949.850652
99 19 719.595929
99 13 920.641902
99 12 877.801593
99 11 84.748176
99 9 393.985293
99 7 759.454063
