2000 1000
8 84.18
12 78.53
6 91.25
12 34.19
10 28.50
11 48.26
10 37.11
14 95.27
12 63.94
11 15.02
7 2.61
13 14.59
9 16.51
6 13.85
7 99.89
13 51.78
7 61.65
10 64.12
14 49.86
12 29.96
12 53.15
13 40.62
8 29.05
14 80.96
14 7.91
5 53.07
11 20.03
8 89.13
5 7.35
5 46.31
14 24.59
13 90.32
10 27.40
12 38.15
11 51.74
5 53.63
14 44.33
12 93.15
12 29.15
8 64.36
6 69.10
13 44.57
8 83.09
13 23.67
11 35.69
10 95.69
13 66.07
14 44.52
13 40.45
14 68.74
7 48.77
14 95.07
13 15.62
9 64.47
7 62.34
8 78.81
7 45.26
7 19.57
9 56.09
14 17.79
6 11.21
12 50.05
14 98.49
8 68.76
8 75.23
7 30.12
7 58.86
12 16.09
12 13.42
12 17.25
14 8.38
10 6.20
7 18.44
12 79.98
14 66.00
12 64.31
6 10.25
5 52.50
7 7.92
13 46.68
12 57.76
6 6.14
7 100.00
6 89.11
5 99.78
5 87.18
14 1.41
6 59.80
8 17.15
13 91.39
10 36.55
9 58.36
5 69.05
12 53.55
14 31.13
13 58.12
11 75.03
12 4.51
14 83.49
13 87.45
12 97.96
14 90.43
9 67.02
13 17.23
5 89.01
7 65.32
7 63.32
8 70.36
7 33.55
11 8.34
11 23.14
14 51.56
10 28.72
6 72.21
10 47.68
9 94.49
13 34.30
5 44.02
10 35.15
7 83.49
9 67.87
8 48.71
6 71.50
5 62.56
11 41.98
11 67.72
6 35.36
11 61.30
8 73.34
7 74.30
11 92.17
7 65.66
5 53.71
13 26.79
5 68.93
8 12.02
10 58.09
7 66.99
7 77.80
6 33.63
5 98.45
8 82.91
9 19.63
14 95.91
11 76.72
11 12.99
12 39.00
14 94.36
7 86.33
10 79.57
14 30.43
13 91.05
10 50.32
7 17.11
9 86.59
13 46.90
7 50.10
11 18.86
6 73.03
9 60.71
12 83.98
7 18.64
6 50.35
8 14.69
14 33.16
11 90.94
13 83.85
8 50.11
11 40.04
7 61.28
5 15.97
11 11.68
7 37.00
5 33.81
14 43.31
7 58.77
12 66.22
6 49.26
11 88.42
7 52.25
9 56.20
8 83.16
8 25.19
11 73.21
8 98.50
6 89.86
5 41.67
12 78.54
6 30.07
12 86.69
9 5.87
12 98.66
9 21.88
5 86.65
8 10.86
11 30.87
6 81.10
5 6.10
12 46.31
9 69.52
10 12.79
10 58.28
8 59.91
13 31.12
6 48.18
10 61.36
10 62.27
13 24.13
5 7.94
6 92.45
7 48.69
7 82.85
13 36.36
13 35.08
5 66.26
12 26.49
13 62.97
7 31.51
11 20.60
11 11.86
12 78.44
9 20.83
9 32.25
8 23.87
6 53.75
5 55.98
8 38.64
12 31.24
11 26.78
14 55.68
13 68.91
8 70.09
5 64.94
13 53.76
11 62.23
9 52.33
12 36.85
11 80.39
5 16.13
11 7.29
11 19.57
10 70.33
5 1.11
7 31.22
13 65.88
8 18.93
13 67.07
8 65.68
6 88.62
10 16.56
11 83.07
6 90.51
12 40.06
10 87.02
14 74.16
14 24.08
14 55.59
10 49.95
12 93.97
10 81.60
14 66.06
8 93.65
10 87.56
12 64.14
12 77.77
11 27.02
6 47.59
13 79.75
11 87.43
11 41.84
11 60.09
6 54.32
5 58.32
10 70.39
10 83.43
9 12.15
5 51.52
8 81.62
9 64.13
9 15.25
9 25.46
12 2.73
13 57.80
9 58.69
14 48.26
5 6.81
10 64.44
7 23.04
14 63.39
9 74.06
13 44.42
14 95.31
12 90.01
10 34.02
9 22.69
9 95.03
14 88.55
9 19.19
12 78.24
7 90.57
14 76.40
9 33.85
10 56.52
6 62.59
8 48.32
14 65.73
11 21.86
6 86.68
6 37.98
10 65.01
10 67.98
10 6.83
7 56.80
8 2.87
14 1.90
12 60.54
14 88.83
9 18.13
12 49.28
14 64.26
7 16.38
8 88.34
12 90.04
7 48.10
6 94.72
11 86.70
14 72.15
7 19.22
7 17.55
6 62.99
7 13.54
5 94.75
6 16.92
11 46.72
6 91.61
5 61.81
9 39.98
7 44.22
14 25.16
6 57.05
9 4.44
12 81.58
14 36.28
10 4.53
11 20.89
8 70.28
11 89.05
5 34.81
13 76.90
11 70.17
8 90.51
7 75.50
6 81.13
5 59.52
6 11.04
6 25.17
5 59.32
14 89.07
14 6.55
7 47.44
6 59.11
9 58.87
14 81.74
10 53.13
7 73.21
11 27.15
5 54.28
8 93.22
10 21.37
8 40.70
11 68.31
7 44.89
8 70.62
12 22.24
11 26.55
13 2.60
11 85.39
11 32.83
13 53.16
7 25.77
10 8.25
11 89.09
13 53.57
12 95.94
8 35.05
5 5.35
9 1.50
12 30.00
10 82.19
5 47.28
9 19.91
5 92.41
7 9.36
11 71.42
14 10.19
6 86.88
12 48.12
5 77.97
12 58.28
14 74.63
12 10.54
6 94.70
7 28.21
5 81.16
7 74.93
14 18.16
5 76.33
13 98.13
11 34.81
9 46.19
8 65.75
6 60.45
8 9.05
11 14.56
13 12.33
7 58.66
10 67.16
14 31.92
6 77.05
10 4.79
7 40.53
6 45.81
9 31.52
11 1.54
9 13.50
12 9.33
11 78.81
13 91.11
5 7.20
6 53.18
6 92.86
10 39.41
12 64.20
9 54.40
10 82.42
7 92.23
8 79.14
5 38.81
8 80.99
14 74.98
13 85.08
11 71.73
11 52.10
10 50.74
5 67.51
10 75.84
6 14.76
12 20.39
12 84.58
11 19.22
6 31.99
6 88.95
7 48.50
7 20.77
14 66.11
10 22.97
14 78.07
7 15.07
11 56.54
7 87.47
11 67.73
13 83.42
5 77.56
11 59.45
12 76.61
5 29.14
6 88.12
8 18.72
8 44.86
6 65.10
13 33.25
6 61.15
12 80.77
8 40.48
7 40.03
5 60.36
9 90.25
11 88.24
9 46.60
7 29.95
10 25.36
6 30.82
9 75.19
6 49.10
6 86.03
6 30.02
14 1.28
13 29.59
11 65.40
5 18.37
12 96.01
13 12.18
14 21.52
11 54.08
13 47.12
12 89.34
6 41.12
6 83.96
8 67.69
10 35.37
11 46.27
9 71.99
5 54.57
6 27.60
9 69.64
11 24.40
8 22.70
9 51.92
5 35.01
13 10.34
14 88.02
7 52.60
8 18.83
13 44.46
12 68.63
6 39.24
6 43.23
14 60.44
13 11.81
13 16.77
8 32.01
10 46.11
14 74.76
5 95.92
5 3.03
13 89.89
9 4.93
7 19.20
11 78.06
9 8.29
9 41.49
13 60.58
7 56.77
11 80.52
14 8.06
8 48.04
14 36.47
6 91.77
13 90.19
14 19.99
5 92.94
14 82.27
5 51.37
7 19.64
7 63.12
5 75.12
8 72.46
7 87.33
11 55.72
11 95.81
9 64.14
14 1.85
14 37.01
7 10.83
7 80.30
12 19.42
5 38.69
13 70.11
13 2.16
11 18.49
14 15.67
13 67.89
10 28.31
13 16.36
6 23.07
13 45.82
9 55.03
14 85.83
14 39.28
6 18.24
8 25.47
11 91.82
11 37.34
8 52.22
11 50.68
11 2.78
11 62.33
13 52.49
11 24.90
9 72.67
6 79.03
8 33.19
6 64.15
5 25.11
9 14.67
8 22.01
6 78.00
6 2.30
10 74.77
7 52.85
10 23.24
13 89.81
9 24.31
9 74.21
9 10.16
13 94.18
7 64.37
7 22.26
9 45.39
10 30.96
10 87.72
11 97.21
14 64.81
8 80.07
8 52.04
12 64.03
10 86.56
5 58.84
8 95.14
5 58.07
10 78.93
9 92.49
6 78.63
7 70.82
5 60.11
9 82.09
12 52.75
6 13.55
14 77.81
7 56.13
6 25.55
6 4.13
11 73.00
11 21.97
12 94.03
12 72.43
11 31.29
5 16.26
13 78.66
8 32.95
6 86.86
8 85.61
14 93.34
12 56.17
6 90.79
6 1.00
5 31.47
5 27.44
9 65.11
10 71.61
9 27.45
10 32.09
9 8.96
13 66.66
14 33.43
6 25.40
6 13.65
5 58.91
6 9.18
14 77.14
12 26.39
10 15.30
9 80.28
9 60.33
8 89.15
6 4.52
8 74.98
13 73.34
8 81.96
6 69.56
14 38.61
10 34.69
14 4.97
6 57.24
8 7.69
8 12.11
7 11.52
14 88.95
9 67.15
10 36.18
8 80.21
10 71.90
9 74.30
10 38.12
5 84.24
7 70.65
5 1.64
5 73.10
7 96.95
5 17.75
7 63.72
12 36.73
7 54.27
7 65.04
5 73.95
10 76.73
9 39.92
6 9.35
9 92.87
12 69.48
8 53.16
10 98.96
12 44.48
9 58.40
12 2.40
11 45.08
13 4.00
10 39.36
5 6.49
12 77.69
10 4.62
9 33.60
9 3.05
14 56.75
7 87.44
8 72.03
12 65.37
5 93.38
10 43.05
9 50.29
14 26.93
7 9.57
9 75.17
13 86.20
11 51.33
10 60.10
14 18.31
6 97.48
10 34.66
7 15.28
13 79.46
9 61.69
10 57.31
14 53.69
5 6.86
8 43.81
10 97.34
12 61.71
9 99.32
10 53.17
6 11.80
7 5.59
5 5.98
8 48.47
11 56.29
8 60.74
7 49.06
5 79.59
8 76.51
13 5.73
9 36.26
8 15.15
12 99.92
14 6.12
10 23.77
8 49.89
10 70.56
12 62.68
6 56.54
6 15.18
12 72.89
7 47.60
7 96.35
12 27.32
8 59.47
14 55.21
11 79.58
12 28.34
8 45.22
11 78.75
7 90.74
11 2.55
11 82.12
8 36.85
10 74.37
9 50.50
14 25.95
7 68.21
14 24.29
13 94.14
9 26.57
5 77.50
5 18.72
11 84.66
11 38.29
7 30.92
8 91.04
12 89.34
7 95.70
11 11.82
11 76.22
5 17.34
13 58.42
13 23.45
6 79.07
5 64.48
9 65.95
13 10.79
14 46.81
13 46.60
12 57.85
9 13.13
5 9.00
5 22.05
8 27.65
5 73.78
14 93.20
10 5.03
7 74.66
10 33.34
14 44.09
5 58.37
11 38.79
13 92.71
8 62.60
6 68.70
13 15.84
7 68.34
13 82.29
5 27.54
5 22.26
6 12.82
6 90.44
11 66.09
14 43.34
13 18.83
12 95.25
8 95.47
13 44.36
5 18.65
13 27.49
9 26.40
14 67.18
9 65.17
14 83.13
5 58.42
11 92.03
13 19.86
13 86.09
7 47.56
11 83.39
12 15.86
6 41.59
13 12.69
7 98.51
7 90.90
6 16.70
13 67.33
8 11.04
14 32.35
13 24.21
6 97.56
6 60.00
9 97.70
9 2.38
13 74.52
13 10.66
10 63.41
12 99.71
14 36.20
7 5.45
7 24.22
14 43.40
10 4.03
8 23.05
9 46.62
9 25.15
13 61.50
10 60.60
11 30.24
5 4.47
6 46.74
5 93.13
14 64.37
14 84.26
13 91.06
6 26.66
11 9.87
6 5.83
7 22.51
11 47.29
12 73.14
8 12.31
12 55.58
13 92.83
14 33.89
12 88.57
13 10.42
12 88.79
12 74.55
11 73.36
14 61.77
12 79.88
13 68.09
13 82.54
7 12.58
13 57.73
11 1.26
10 19.35
6 40.95
12 40.65
7 8.49
6 53.47
9 10.93
13 90.71
11 15.30
12 50.08
7 63.09
8 46.71
7 14.67
7 20.79
12 58.08
10 10.97
7 46.57
13 14.18
10 40.51
9 60.36
6 82.05
14 64.91
10 55.08
11 76.45
7 19.68
13 45.45
14 55.50
11 12.96
8 20.41
12 94.42
5 10.28
10 35.83
9 33.71
12 42.38
5 2.84
13 21.21
13 15.56
11 75.87
10 40.73
10 39.02
13 77.86
8 41.19
10 74.63
14 2.53
14 84.90
14 71.54
5 1.34
8 50.05
14 55.38
10 7.28
7 93.16
5 41.10
6 12.61
10 77.35
6 68.30
9 11.75
10 98.85
12 78.52
12 5.09
13 67.53
8 76.00
12 83.18
8 45.44
14 10.40
6 24.65
6 57.03
14 43.16
10 25.52
5 14.11
13 7.11
6 18.25
6 27.57
5 68.80
12 89.58
10 85.14
11 61.88
9 95.18
9 37.48
9 77.29
5 40.43
14 62.55
5 18.74
9 93.59
5 59.48
11 45.14
11 88.11
6 82.47
10 78.48
11 20.76
5 24.16
13 25.16
6 66.03
5 30.11
5 59.95
14 49.38
6 8.33
7 95.84
13 16.64
12 68.34
6 96.14
13 40.73
7 74.86
10 98.92
6 73.46
14 21.40
9 24.58
13 81.66
6 64.90
7 92.13
9 18.16
7 24.24
6 52.44
11 50.57
