3.68
5.58
10.70
14.39
19.12
14.37
18.69
28.29
23.00
31.08
32.50
39.09
35.48
42.38
58.57
61.32
55.61
61.82
43.38
64.28
42.68
54.69
52.31
86.60
57.83
72.85
61.01
62.09
115.94
73.10
93.80
117.70
106.43
88.13
114.63
109.75
110.53
149.93
100.82
141.71
125.19
148.67
120.42
166.45
115.50
124.43
169.93
184.23
104.84
194.93
155.65
112.95
126.37
179.63
207.93
151.08
121.32
118.32
172.01
127.57
151.07
244.36
239.68
236.92
164.67
203.25
184.28
239.39
208.73
233.48
217.49
149.66
209.90
285.91
289.62
261.58
197.78
271.21
259.12
216.65
273.43
191.22
239.06
315.85
310.96
228.82
213.84
333.23
240.36
303.60
356.08
292.31
308.26
349.43
273.52
369.40
271.30
355.69
333.48
382.19
299.46
248.03
401.75
399.39
241.01
398.79
351.19
309.30
353.07
281.83
396.49
292.87
327.03
279.55
273.13
296.09
364.21
334.29
278.37
457.63
266.97
274.76
367.88
436.60
496.19
487.62
427.85
354.10
451.44
355.85
339.07
325.32
421.47
333.50
311.15
471.14
308.38
495.00
323.62
488.62
303.02
553.83
301.02
438.21
341.10
362.10
528.55
512.87
493.66
590.22
495.12
534.96
334.61
349.55
471.27
336.41
335.95
380.67
464.73
582.30
506.61
568.81
342.93
379.76
660.00
399.84
631.25
378.16
675.26
358.38
639.72
368.88
347.44
669.23
557.86
415.49
411.75
495.44
684.86
655.09
491.99
565.10
578.07
534.55
624.33
409.07
572.52
660.74
493.02
757.05
602.40
721.00
674.65
632.02
403.81
685.14
722.30
762.45
745.56
732.42
795.73
704.50
772.77
809.31
683.42
616.87
481.88
761.28
789.58
452.34
696.18
529.17
694.16
526.07
731.27
568.89
576.69
536.90
470.48
718.55
540.86
733.10
673.77
883.22
576.02
698.84
780.55
507.66
673.94
732.57
898.27
673.23
622.74
864.72
674.22
473.53
637.50
760.88
876.29
592.27
807.58
717.75
720.22
636.82
838.92
581.82
801.18
516.27
704.16
847.99
