100 2002 0
0 99 950.104032
0 98 745.071389
0 97 793.470388
0 95 152.389792
0 94 584.488501
0 93 294.160362
0 92 749.770882
0 86 126.075339
0 85 906.803934
0 83 556.443755
0 82 187.533110
0 81 447.033579
0 80 786.002098
0 76 881.062170
0 74 950.252374
0 70 814.766896
0 63 686.669908
0 61 228.968171
0 58 440.104528
0 57 687.861390
0 55 738.534315
0 51 437.637597
0 47 760.248736
0 46 539.760341
0 42 238.279954
0 41 457.701737
0 40 64.171321
0 37 192.213846
0 35 949.327075
0 32 352.458347
0 27 771.357698
0 23 637.552268
0 20 512.932394
0 18 108.808802
0 17 400.944394
0 16 804.176754
0 15 242.886771
0 14 606.968876
0 9 513.400910
0 6 553.969956
0 4 335.222756
0 1 783.099224
1 99 827.391135
1 98 984.363203
1 97 329.642079
1 96 775.767243
1 93 576.690516
1 92 111.275632
1 89 260.496942
1 88 532.440973
1 85 920.914357
1 84 740.438441
1 80 184.622468
1 76 413.983740
1 75 621.822821
1 74 712.087260
1 71 675.475980
1 68 344.942955
1 66 847.684436
1 62 471.483429
1 60 546.106878
1 57 651.132082
1 55 74.160970
1 54 328.777043
1 53 700.619965
1 52 629.479703
1 51 649.706986
1 49 830.011834
1 38 747.802867
1 33 992.228461
1 31 530.807988
1 27 552.485022
1 25 913.026677
1 24 163.131499
1 21 4.161609
1 20 870.539865
1 19 997.798999
1 18 889.955644
1 16 157.807129
1 12 461.420473
1 11 69.906398
1 9 134.902412
1 2 240.062372
2 99 98.837421
2 98 829.808300
2 94 609.729115
2 91 304.285454
2 87 589.636708
2 83 457.715608
2 82 51.508286
2 79 301.763102
2 78 99.559296
2 76 473.893977
2 73 449.105112
2 70 114.667814
2 68 783.281994
2 67 410.787938
2 66 897.560266
2 63 729.360068
2 62 244.326987
2 59 557.560613
2 56 883.036592
2 53 658.746634
2 49 91.148580
2 48 288.269520
2 46 107.848282
2 45 151.229985
2 42 394.327160
2 35 324.807000
2 34 138.238454
2 32 221.965542
2 28 603.108826
2 25 180.421238
2 19 273.911169
2 14 904.932471
2 12 793.656839
2 8 774.273495
2 7 685.785792
3 97 700.910349
3 96 579.021505
3 87 795.490410
3 85 604.378772
3 79 874.309382
3 67 926.575795
3 61 394.521292
3 56 157.139183
3 55 885.014209
3 51 341.354471
3 48 261.570322
3 47 5.709142
3 44 618.958334
3 43 685.721792
3 42 32.892650
3 39 718.867234
3 33 532.959837
3 32 645.889044
3 26 649.658964
3 24 305.408006
3 23 380.214674
3 22 555.397736
3 20 385.748235
3 19 434.008569
3 18 401.187652
3 15 674.605244
3 14 612.442004
3 13 221.009364
3 9 257.468900
3 7 814.908666
3 5 357.193057
4 97 34.716355
4 94 244.068722
4 91 393.746091
4 90 614.226705
4 87 461.847784
4 86 160.824423
4 85 946.924666
4 84 126.669243
4 82 202.976979
4 81 282.283760
4 77 865.679019
4 76 946.640492
4 73 899.431282
4 71 292.889113
4 66 447.981526
4 60 9.073435
4 59 18.910755
4 57 560.871769
4 53 646.520183
4 52 373.555840
4 50 606.542169
4 48 653.879918
4 47 477.960880
4 43 402.378775
4 41 761.612445
4 37 458.038986
4 32 477.551231
4 31 536.742494
4 20 219.787836
4 17 74.260430
4 10 717.596749
4 9 406.766574
4 8 413.077831
4 6 637.656367
5 99 81.265035
5 98 600.492155
5 94 692.463461
5 92 981.108590
5 89 173.300630
5 88 746.730329
5 87 809.742774
5 86 274.896538
5 84 787.642376
5 80 578.612574
5 77 475.947354
5 75 961.565174
5 73 711.354872
5 72 84.410995
5 69 190.983548
5 65 708.262450
5 64 487.254163
5 63 23.863199
5 62 359.942239
5 55 514.382181
5 54 256.227886
5 51 667.960159
5 48 845.122878
5 47 683.573997
5 45 214.523991
5 44 703.186247
5 41 679.903755
5 38 205.714194
5 37 931.518062
5 34 264.171878
5 27 584.585169
5 26 587.011205
5 24 925.219627
5 22 889.553188
5 21 589.118606
5 20 244.148613
5 19 101.454154
5 18 591.110600
5 17 809.370677
5 16 752.478703
5 10 50.167885
5 8 889.343463
6 99 576.721028
6 98 224.415482
6 92 901.548616
6 90 272.189300
6 89 366.796333
6 87 805.788980
6 84 325.711448
6 83 647.522247
6 82 443.042636
6 81 178.986643
6 79 76.753377
6 75 590.407112
6 70 673.996065
6 66 294.601301
6 63 506.914654
6 61 657.643045
6 60 199.723841
6 59 479.777140
6 57 105.576302
6 56 666.707096
6 53 777.410239
6 52 143.941630
6 50 755.945498
6 39 747.277124
6 38 807.959259
6 37 381.887652
6 36 789.243720
6 27 387.996133
6 26 927.865780
6 24 47.182606
6 19 780.250516
6 18 461.949067
6 17 649.786549
6 15 308.246855
6 13 211.565466
6 11 38.264836
6 9 943.222088
7 95 552.737596
7 94 872.028449
7 93 721.822436
7 92 748.678366
7 91 627.517823
7 90 188.248060
7 87 820.925643
7 85 921.404704
7 83 900.896352
7 80 358.235308
7 78 962.551106
7 76 803.226685
7 70 461.488904
7 67 219.853357
7 66 419.143898
7 64 897.883112
7 63 20.508352
7 57 395.684201
7 56 802.603709
7 55 869.089671
7 53 600.405443
7 51 140.337989
7 47 438.990439
7 46 180.136343
7 42 809.354809
7 41 50.466266
7 38 349.324064
7 37 653.086683
7 35 693.370288
7 34 268.684228
7 27 347.196303
7 26 673.648162
7 25 837.985891
7 17 994.195973
7 16 861.265012
7 13 44.729470
7 10 808.616774
7 9 900.771812
7 8 184.577432
8 97 167.241094
8 93 819.101622
8 92 597.113510
8 91 705.299943
8 86 787.196855
8 85 576.479346
8 84 950.885271
8 79 636.656347
8 78 515.531833
8 70 586.536569
8 68 448.422837
8 67 214.740864
8 63 463.442011
8 60 417.173598
8 56 224.643256
8 53 745.154404
8 52 13.161464
8 50 385.281606
8 48 138.113732
8 47 243.527687
8 46 637.906204
8 45 325.177096
8 41 675.320140
8 36 650.065586
8 34 501.835334
8 32 615.491005
8 29 360.164285
8 28 187.693169
8 27 956.110878
8 20 112.911210
8 19 828.621555
8 18 547.722841
8 15 925.378699
8 14 639.198518
8 13 886.344330
8 10 6.954181
8 9 729.701566
9 98 989.482803
9 92 133.547760
9 91 481.124130
9 89 764.924660
9 88 736.900809
9 87 646.840475
9 84 360.913945
9 83 633.522169
9 82 169.176708
9 81 969.209766
9 80 728.295674
9 79 6.425603
9 78 703.570679
9 76 558.197579
9 72 716.199471
9 70 558.644794
9 66 888.348089
9 65 106.271854
9 64 112.205351
9 63 67.607830
9 61 925.318484
9 60 507.617129
9 58 379.874428
9 57 692.487692
9 54 730.676540
9 53 747.230564
9 52 35.519296
9 46 564.251741
9 45 769.121364
9 43 769.074486
9 42 82.576973
9 40 101.123717
9 39 194.947505
9 38 985.946323
9 35 468.184620
9 34 573.121863
9 33 434.739940
9 29 647.547697
9 28 267.083215
9 27 307.763222
9 26 0.046878
9 21 932.716175
9 20 854.648060
9 18 381.602565
9 15 90.129703
9 14 645.644096
10 98 792.994631
10 94 547.612960
10 91 265.818330
10 90 963.092105
10 87 726.144227
10 86 143.224128
10 81 702.671942
10 79 578.702473
10 78 992.351562
10 75 329.308529
10 74 480.193363
10 72 47.741757
10 71 762.678770
10 70 793.878512
10 69 485.460061
10 66 558.523707
10 64 20.863916
10 63 283.917008
10 62 123.969469
10 54 973.146567
10 52 30.065118
10 43 213.122200
10 41 340.025636
10 39 926.293806
10 30 292.207410
10 29 943.081449
10 25 424.773735
10 22 650.222420
10 21 717.512457
10 17 413.731830
10 16 429.613303
10 15 539.583928
10 12 34.306822
11 92 417.489388
11 91 862.146705
11 90 60.155677
11 88 437.941642
11 84 862.917861
11 80 657.521717
11 78 146.135359
11 77 3.231047
11 76 90.368133
11 74 821.128768
11 71 149.882093
11 70 683.832782
11 65 381.762155
11 60 326.679930
11 58 511.386358
11 56 931.337971
11 54 321.982217
11 53 37.406338
11 52 14.806895
11 51 483.742369
11 44 835.050134
11 42 656.098421
11 41 641.188148
11 39 815.293572
11 36 11.745297
11 32 109.337155
11 29 892.317804
11 27 283.138354
11 26 630.351145
11 24 845.004952
11 23 178.951714
11 21 488.449973
11 17 235.245184
11 15 970.692635
12 99 285.079591
12 97 400.536160
12 95 553.924688
12 94 687.293839
12 91 291.188215
12 76 815.196830
12 73 962.636916
12 68 339.731861
12 63 271.467864
12 62 120.242671
12 61 687.545505
12 60 144.199993
12 54 640.112575
12 53 930.653400
12 51 37.931958
12 50 615.935277
12 45 436.148592
12 42 347.286625
12 41 529.754044
12 38 203.578048
12 37 263.616504
12 36 981.979766
12 31 892.721442
12 28 447.122629
12 26 976.797832
12 25 595.962682
12 23 896.618441
12 22 931.014231
12 21 318.190822
12 19 670.024073
12 18 158.587039
12 17 908.108590
12 14 118.126411
13 98 162.572499
13 97 170.368143
13 96 812.188587
13 95 18.932900
13 94 543.164874
13 92 425.894247
13 90 158.315775
13 88 94.922967
13 85 830.110229
13 81 798.474368
13 75 108.607589
13 72 771.247646
13 71 117.270627
13 70 405.088663
13 68 567.816883
13 66 549.261052
13 64 64.341583
13 59 939.878557
13 57 743.787736
13 53 590.011909
13 48 849.692156
13 47 837.271781
13 46 17.519782
13 43 484.919470
13 42 554.097076
13 41 44.361854
13 38 320.772075
13 37 688.575860
13 32 257.938572
13 26 645.506492
13 22 533.636361
13 20 133.100201
13 18 579.175513
13 15 255.076496
13 14 285.364721
14 98 18.987888
14 89 32.183922
14 87 980.315044
14 86 684.798523
14 81 551.681079
14 80 94.072679
14 77 124.236274
14 75 883.298944
14 73 237.845879
14 71 787.729289
14 67 51.868879
14 64 306.902312
14 62 180.886186
14 60 500.706553
14 58 247.430511
14 56 173.372806
14 55 920.479500
14 51 450.116590
14 49 206.047102
14 46 989.134403
14 43 401.281943
14 38 158.015249
14 36 110.427054
14 34 488.733105
14 33 595.484266
14 32 293.990762
14 30 848.912176
14 29 49.473191
14 28 677.341727
14 26 782.630875
14 21 445.836492
14 17 47.588196
15 98 2.113048
15 96 815.162384
15 95 517.855955
15 92 277.872989
15 90 719.399914
15 89 156.256663
15 87 557.481457
15 86 633.733816
15 85 259.345138
15 83 189.401365
15 78 910.261554
15 77 816.667419
15 75 714.232991
15 74 737.611405
15 72 558.473075
15 68 598.775206
15 67 946.527488
15 64 490.891499
15 63 905.346242
15 59 498.152601
15 56 387.272675
15 55 28.500382
15 52 179.138330
15 51 800.707775
15 50 557.002416
15 47 202.787277
15 43 526.061177
15 42 288.956561
15 41 300.274549
15 35 743.077619
15 32 882.928255
15 31 783.413445
15 25 360.610256
15 24 297.690848
15 19 49.932930
15 18 607.386674
16 99 59.297749
16 98 765.058087
16 94 710.806943
16 93 429.751283
16 92 771.380796
16 87 44.795931
16 83 917.717218
16 74 859.687364
16 71 309.981544
16 69 477.886531
16 68 252.052739
16 67 545.355723
16 61 770.682270
16 60 780.282852
16 59 590.517605
16 55 928.602951
16 53 222.224722
16 51 503.393565
16 50 832.095014
16 49 317.547606
16 45 969.307777
16 43 732.818263
16 42 215.033427
16 38 561.940886
16 33 706.378229
16 30 868.474079
16 26 614.859083
16 21 236.489515
17 98 925.818569
17 97 633.988054
17 96 898.882179
17 94 953.273935
17 92 586.491138
17 91 733.318169
17 87 976.934712
17 84 552.691752
17 83 462.033375
17 80 659.111680
17 79 318.000400
17 76 427.999499
17 75 945.608244
17 74 936.314807
17 72 236.531044
17 66 297.848551
17 64 358.727410
17 63 516.202898
17 62 747.942126
17 61 645.692952
17 57 661.914159
17 56 476.366312
17 52 699.783762
17 51 125.433207
17 48 280.187502
17 47 538.567893
17 46 939.121142
17 45 32.735117
17 44 452.904872
17 43 659.387178
17 31 420.218127
17 28 437.666788
17 27 559.334676
17 26 153.375067
17 25 425.360554
17 22 893.909393
17 21 101.053597
18 99 147.407220
18 98 948.205921
18 96 215.638089
18 93 482.525427
18 90 749.457011
18 89 886.749100
18 88 894.397436
18 86 818.996352
18 85 201.066761
18 84 294.901216
18 82 131.244440
18 79 45.454077
18 76 202.309926
18 74 395.616863
18 72 645.384587
18 70 532.110853
18 68 672.782271
18 67 282.547034
18 62 163.656776
18 60 418.924618
18 58 979.751991
18 53 978.167350
18 50 995.298377
18 49 995.911884
18 48 859.328583
18 47 226.314213
18 44 433.229760
18 40 744.732158
18 37 804.509765
18 35 349.712921
18 33 871.850790
18 32 74.505440
18 29 703.920649
18 28 684.309510
19 98 352.506452
19 97 867.977290
19 95 907.309579
19 93 53.533589
19 92 34.380313
19 91 798.297271
19 90 113.530427
19 89 766.862490
19 88 87.781838
19 85 130.979425
19 84 479.169855
19 81 29.950150
19 79 165.934273
19 75 853.775990
19 71 690.916783
19 68 748.835804
19 67 405.743831
19 66 88.130148
19 63 834.149158
19 62 622.010514
19 59 864.015877
19 58 898.617043
19 57 596.480335
19 55 114.054476
19 51 962.517605
19 48 170.857210
19 47 27.283765
19 45 567.648313
19 38 224.338150
19 33 482.425858
19 32 361.643746
19 29 603.984276
19 27 943.458532
20 98 962.112174
20 93 89.160960
20 92 268.558460
20 90 169.592138
20 89 881.520975
20 84 244.277215
20 81 831.322874
20 79 609.736115
20 78 653.787102
20 77 34.487363
20 74 495.354585
20 73 331.916964
20 72 221.170602
20 71 926.588505
20 70 164.654201
20 67 385.000795
20 64 695.039663
20 62 943.600571
20 60 951.849879
20 59 974.865048
20 58 472.507021
20 53 154.393400
20 52 142.225024
20 46 291.172671
20 44 477.995882
20 42 751.439093
20 39 921.811564
20 35 393.948431
20 33 455.700987
20 32 361.881450
20 31 969.070497
20 29 613.683420
20 28 794.762866
20 24 923.363849
20 23 726.556789
20 21 759.688401
21 97 984.264011
21 95 522.447791
21 93 781.218962
21 92 980.376361
21 90 493.503099
21 87 778.151518
21 84 190.302617
21 81 0.767693
21 77 156.801324
21 74 86.795482
21 65 499.955710
21 63 321.525961
21 62 899.436580
21 60 392.965497
21 58 200.379171
21 53 694.985105
21 50 123.837616
21 48 226.866358
21 44 655.913743
21 43 178.429748
21 38 30.963450
21 37 192.586326
21 34 496.177824
21 32 270.802560
21 31 974.397714
21 26 136.962182
21 25 335.712282
21 22 590.334463
22 96 659.901073
22 92 143.621367
22 91 333.857152
22 89 670.765899
22 86 590.602388
22 84 602.220798
22 83 829.753537
22 81 751.295048
22 80 857.977687
22 77 244.424584
22 71 252.430354
22 68 53.613264
22 62 13.340603
22 60 534.025178
22 56 664.511461
22 55 902.216505
22 51 971.057944
22 49 685.173275
22 48 589.339101
22 44 577.209167
22 39 479.315425
22 35 50.254393
22 34 702.437453
22 29 173.579136
22 28 285.884669
22 24 925.878334
23 96 523.216169
23 92 59.492362
23 89 508.529959
23 86 841.657157
23 85 139.814091
23 81 522.074981
23 75 646.112544
23 72 599.119054
23 69 253.219898
23 67 302.289745
23 61 652.767938
23 60 858.894641
23 58 756.846335
23 57 521.582650
23 54 315.721168
23 41 722.097288
23 39 816.645490
23 36 504.795872
23 35 18.409107
23 34 510.401755
23 31 584.131983
23 26 628.839580
24 97 464.353247
24 96 43.817405
24 95 483.083062
24 93 442.740365
24 91 429.181916
24 89 455.144508
24 86 868.918102
24 85 236.512431
24 81 142.948752
24 80 375.404964
24 77 430.401311
24 73 40.342696
24 72 93.365858
24 68 258.368322
24 67 31.649464
24 66 692.542267
24 64 405.038410
24 60 130.842131
24 56 360.304710
24 52 916.720446
24 51 26.784247
24 50 530.951821
24 43 485.337446
24 42 806.438122
24 38 617.386513
24 36 290.104013
24 35 585.846494
24 25 84.289367
25 99 99.846943
25 93 799.916628
25 90 946.461462
25 87 485.058515
25 86 389.887928
25 84 410.836171
25 81 410.650562
25 76 135.874870
25 71 409.634552
25 69 87.564803
25 68 952.307519
25 65 443.210834
25 58 787.347287
25 56 444.349609
25 51 750.901597
25 50 144.156109
25 48 322.069748
25 45 220.458689
25 43 530.892439
25 40 464.505458
25 39 950.713526
25 37 404.320969
25 33 265.538855
25 27 822.086361
25 26 717.047347
26 97 19.217312
26 95 77.028871
26 94 116.507966
26 91 275.351802
26 86 537.605691
26 81 428.720395
26 80 712.243561
26 78 491.570712
26 69 248.032802
26 68 329.891530
26 66 554.866445
26 63 695.534652
26 60 69.137801
26 59 99.316424
26 57 220.672849
26 55 18.774329
26 52 423.981310
26 51 122.216960
26 50 669.857372
26 49 25.853058
26 48 775.025085
26 47 860.833846
26 42 970.609695
26 35 201.898520
26 34 43.222457
26 31 499.773381
26 29 723.519410
27 98 440.812776
27 97 51.766135
27 96 168.777711
27 95 822.139410
27 92 22.916010
27 88 387.986841
27 87 256.892499
27 86 162.912347
27 84 708.421072
27 79 998.525149
27 77 235.388477
27 75 383.284889
27 73 961.843173
27 71 919.412509
27 68 391.488138
27 67 268.023008
27 64 454.491276
27 63 896.492585
27 57 763.136672
27 54 897.136172
27 53 421.441717
27 52 729.809856
27 50 213.990757
27 49 958.292868
27 48 284.873879
27 43 524.898312
27 42 674.919454
27 40 749.422306
27 35 311.141360
27 32 571.588870
28 97 566.903268
28 91 950.959218
28 89 984.386097
28 85 318.034939
28 77 531.144491
28 75 679.642994
28 73 842.225615
28 72 588.804793
28 69 526.172938
28 68 966.573121
28 64 483.567684
28 63 155.232600
28 61 873.216879
28 59 847.029664
28 58 97.477514
28 56 17.835488
28 55 837.417379
28 50 531.123762
28 49 853.854885
28 48 574.618207
28 46 231.855368
28 45 359.983638
28 43 282.015721
28 41 26.187214
28 38 257.326641
28 37 176.006401
28 35 109.344700
28 34 757.499493
28 33 253.805154
28 32 914.521902
29 97 808.718348
29 93 673.958967
29 83 750.374489
29 82 285.542532
29 81 681.625143
29 80 495.223820
29 79 968.184908
29 78 133.104344
29 75 893.118685
29 73 287.895199
29 71 849.850418
29 70 995.223471
29 69 296.032674
29 68 755.033230
29 66 621.719400
29 64 456.954965
29 62 453.672992
29 61 209.277832
29 53 11.788117
29 49 541.074605
29 47 553.742584
29 46 533.348453
29 45 747.156885
29 44 164.764435
29 42 3.281973
29 41 560.023284
29 37 73.749000
29 34 393.167510
29 33 167.178706
30 97 520.851542
30 95 156.661768
30 94 416.264387
30 92 266.300816
30 91 29.362764
30 90 198.083081
30 87 954.703957
30 86 895.901128
30 85 586.136622
30 83 27.832729
30 82 78.426998
30 80 674.979920
30 78 364.189774
30 74 149.963571
30 72 135.586293
30 68 197.160903
30 57 403.447078
30 56 842.311995
30 55 91.864488
30 54 516.045493
30 50 14.377278
30 41 268.192493
30 39 580.815234
30 38 898.477612
30 37 72.194351
30 35 92.656931
31 99 333.592942
31 97 791.513060
31 95 144.084247
31 94 478.986937
31 93 207.217016
31 92 368.705094
31 90 559.671553
31 89 353.194635
31 79 285.213157
31 74 647.428813
31 73 242.972886
31 72 29.793393
31 68 809.033541
31 67 251.960969
31 62 958.775004
31 61 970.709695
31 58 368.297892
31 57 743.133276
31 51 978.779651
31 50 494.634129
31 32 682.741966
32 97 489.589229
32 96 454.011912
32 94 971.227057
32 91 498.350931
32 90 114.265226
32 89 93.596374
32 87 859.801629
32 85 986.938577
32 84 571.432629
32 83 623.010108
32 81 317.000420
32 80 653.445255
32 74 887.800111
32 70 102.305912
32 67 233.794745
32 59 349.025751
32 58 824.122386
32 56 885.723238
32 51 362.204615
32 50 313.539730
32 49 486.094824
32 45 886.885665
32 44 360.931693
32 43 618.189794
32 40 316.132814
32 38 29.716743
32 36 96.495308
32 34 764.388153
33 99 230.543948
33 96 81.167118
33 90 473.996767
33 88 750.771886
33 84 315.752751
33 82 931.436853
33 80 376.193386
33 77 356.356045
33 76 788.147594
33 73 394.506486
33 72 318.563851
33 68 723.224881
33 66 291.046325
33 65 98.264915
33 64 945.609538
33 63 167.627823
33 61 891.285282
33 59 909.691884
33 58 91.263404
33 57 642.221681
33 54 138.856197
33 52 892.639250
33 50 275.076283
33 46 156.281797
33 42 829.072434
33 41 229.651945
33 34 654.899401
34 98 653.279725
34 96 273.928228
34 94 703.671472
34 93 31.545985
34 87 727.209234
34 86 937.714542
34 84 482.073494
34 81 286.964181
34 78 345.753190
34 76 379.351496
34 70 777.569533
34 68 787.123485
34 65 778.720293
34 63 455.641048
34 59 693.006783
34 57 875.261305
34 54 119.147145
34 51 856.685953
34 46 50.501888
34 45 107.850299
34 44 358.326753
34 43 323.079244
34 40 101.860553
34 39 832.684294
35 98 776.005625
35 97 217.318021
35 95 209.337906
35 92 549.223507
35 91 214.953168
35 90 957.027605
35 81 729.517110
35 79 392.636713
35 77 574.595505
35 75 482.704361
35 69 278.445746
35 68 100.344064
35 67 413.532991
35 66 637.593324
35 65 476.030355
35 60 253.167411
35 54 91.891144
35 52 499.809765
35 51 353.516133
35 50 437.493245
35 49 754.774738
35 48 889.721237
35 47 388.019178
35 43 847.138673
35 42 828.047944
35 40 992.843052
35 38 874.072994
35 36 693.017477
36 98 815.716496
36 97 515.641908
36 96 534.822106
36 93 903.130355
36 92 310.923411
36 90 12.229351
36 89 276.292444
36 88 119.593720
36 87 714.563136
36 86 644.437094
36 84 750.038601
36 82 79.499072
36 78 714.939785
36 76 914.465466
36 75 484.394463
36 73 616.274809
36 72 3.463807
36 70 979.317243
36 68 943.790427
36 67 394.552552
36 65 142.206395
36 60 568.943316
36 59 145.156616
36 57 48.439883
36 54 868.119655
36 51 491.284857
36 49 317.152192
36 48 834.820039
36 46 504.119164
36 45 298.354766
36 44 304.372922
36 43 66.672790
36 41 458.710122
36 40 348.338440
36 39 269.695571
36 38 567.159632
37 99 220.921050
37 97 59.901585
37 91 129.111292
37 90 586.035488
37 89 234.811116
37 88 322.409227
37 87 93.137722
37 83 240.253473
37 78 433.318851
37 77 161.019465
37 76 335.683744
37 71 623.811308
37 68 563.874631
37 66 929.023135
37 65 699.506537
37 64 561.188395
37 63 776.478627
37 62 516.498124
37 61 648.925613
37 56 2.815565
37 55 563.182769
37 54 356.942362
37 46 887.116739
37 44 584.032374
37 43 524.455959
37 40 563.883289
37 39 620.851280
38 95 601.599444
38 92 705.686577
38 91 994.895081
38 89 168.829053
38 85 569.312953
38 82 646.760427
38 80 779.191499
38 77 812.217996
38 76 637.886154
38 75 962.155011
38 74 636.759514
38 69 826.066029
38 67 660.020745
38 66 289.369100
38 63 519.350176
38 59 715.045071
38 55 667.672281
38 48 521.366332
38 46 400.047589
38 44 255.419594
38 40 376.291149
39 99 419.139405
39 98 595.243482
39 97 479.325832
39 94 206.512814
39 91 746.396300
39 90 223.665232
39 88 595.082560
39 86 807.819528
39 79 495.045584
39 78 649.720642
39 75 209.382495
39 71 211.238211
39 68 501.035083
39 64 787.263032
39 63 412.984084
39 58 29.194661
39 57 340.848922
39 55 173.299096
39 53 564.112424
39 46 273.637706
39 42 793.792634
39 41 708.441633
40 98 666.368962
40 96 964.414820
40 95 568.618349
40 93 1.257214
40 91 167.532002
40 89 916.907984
40 85 248.181638
40 83 770.647996
40 82 931.261180
40 80 86.005881
40 79 929.468640
40 68 7.013685
40 66 672.425024
40 64 744.730444
40 62 477.533642
40 53 944.336466
40 52 738.155638
40 51 363.496483
40 49 733.635923
40 46 50.981419
40 45 867.818201
40 42 556.423742
40 41 318.528496
41 97 812.529189
41 94 982.038474
41 92 737.074823
41 84 704.119129
41 82 402.029289
41 80 644.944019
41 79 886.992000
41 77 93.790164
41 76 313.587845
41 74 193.217296
41 73 26.102347
41 72 121.254271
41 71 752.120888
41 69 215.213042
41 68 194.191478
41 66 82.388944
41 63 757.085270
41 58 37.832069
41 56 185.082425
41 53 948.253645
41 51 492.842763
41 47 623.343971
41 46 689.720427
41 44 624.591606
42 97 716.207610
42 95 609.239079
42 93 814.453049
42 92 663.814497
42 91 58.440443
42 90 952.354392
42 83 613.201684
42 82 77.665132
42 78 634.420382
42 76 99.454449
42 72 932.321199
42 71 656.653172
42 69 205.445486
42 67 254.484332
42 64 235.652146
42 61 425.883063
42 58 358.781709
42 56 534.965933
42 54 608.780971
42 52 171.439623
42 49 451.207686
42 46 861.267464
43 99 468.799229
43 97 840.807729
43 96 2.223585
43 90 935.788194
43 88 250.811261
43 84 709.668119
43 81 33.259176
43 75 627.991501
43 71 114.344667
43 70 605.034912
43 63 847.716086
43 62 990.255822
43 60 161.217929
43 57 126.046782
43 56 568.673128
43 55 56.392485
43 50 404.403386
43 49 847.333616
43 47 270.153292
43 46 695.717133
44 99 870.954236
44 93 990.426902
44 90 931.183417
44 87 983.839109
44 84 718.930358
44 81 392.188172
44 79 766.665086
44 78 464.239942
44 77 909.457304
44 76 494.606245
44 74 728.169105
44 72 143.095019
44 70 350.189925
44 69 95.177986
44 68 925.531576
44 65 807.650355
44 63 470.398897
44 61 108.081686
44 59 317.603548
44 52 585.074086
44 50 792.905094
44 48 68.029564
44 46 786.109124
44 45 562.996965
45 99 995.490208
45 98 82.722433
45 97 630.490778
45 93 333.532849
45 89 238.220525
45 88 19.433696
45 87 133.915442
45 84 374.763725
45 82 356.943921
45 81 368.346765
45 75 674.872586
45 73 105.066011
45 67 533.339077
45 62 733.721625
45 61 994.013531
45 60 42.097284
45 59 150.051095
45 57 324.874065
45 56 770.089316
45 55 599.531008
45 50 607.860096
45 49 969.674625
46 99 942.697288
46 98 943.394594
46 95 489.971442
46 94 520.901705
46 91 101.945008
46 88 972.397220
46 83 334.605826
46 82 365.137661
46 78 253.562661
46 76 876.983512
46 74 136.250023
46 70 949.265127
46 69 453.149419
46 68 294.202319
46 67 524.677922
46 63 367.134412
46 62 20.381298
46 59 498.284735
46 58 16.277988
46 57 129.428012
46 55 32.047981
46 51 403.852309
46 49 35.931431
46 48 599.425696
47 99 708.675924
47 98 58.757234
47 95 836.183730
47 90 685.175177
47 88 731.693680
47 87 855.060670
47 86 160.478877
47 85 919.058816
47 82 299.381106
47 80 751.878392
47 76 439.449324
47 75 331.936524
47 72 593.363672
47 71 537.643315
47 70 953.481497
47 68 459.512984
47 67 569.471517
47 65 715.658221
47 64 998.962106
47 62 547.502714
47 61 318.297545
47 60 359.783997
47 57 323.255380
47 54 547.014964
47 53 428.042676
47 52 524.679975
47 50 986.461163
47 49 106.391102
47 48 853.813297
48 99 546.783281
48 97 218.503080
48 95 175.564310
48 94 941.801258
48 92 85.134680
48 90 48.558624
48 88 132.300177
48 87 297.136149
48 86 588.079936
48 84 969.022315
48 83 522.271515
48 80 49.443876
48 77 42.938770
48 75 84.471453
48 72 295.228425
48 71 993.905726
48 69 997.397923
48 66 50.176186
48 64 225.776193
48 60 99.222177
48 58 536.596549
48 55 958.467317
48 54 139.171346
48 50 179.092173
49 99 577.804955
49 98 685.672039
49 97 936.180201
49 95 444.206476
49 93 956.228696
49 92 963.298861
49 89 706.577462
49 88 689.828642
49 86 489.583103
49 85 634.119694
49 83 190.252240
49 82 817.037210
49 81 767.800846
49 80 252.286851
49 77 292.153818
49 72 130.071611
49 70 665.193310
49 68 461.475916
49 66 172.028900
49 58 16.560692
49 56 760.313126
49 54 3.995945
49 50 586.727372
50 99 111.404094
50 98 601.727012
50 97 926.396857
50 96 438.259220
50 93 857.493296
50 90 230.484212
50 81 193.270863
50 79 869.256650
50 78 152.463680
50 77 24.066214
50 74 528.548936
50 71 493.548610
50 70 954.775793
50 69 259.926690
50 67 610.051884
50 66 177.184687
50 64 570.694511
50 62 97.862895
50 59 687.398147
50 57 698.348916
50 55 166.614280
50 53 823.346697
51 99 20.992876
51 98 867.112232
51 97 839.041032
51 96 846.796253
51 92 247.535189
51 90 303.828791
51 87 225.622877
51 86 487.569844
51 84 425.496687
51 83 101.890760
51 78 689.023595
51 74 797.239972
51 73 430.836065
51 72 477.312213
51 66 803.242384
51 65 35.442316
51 64 62.073156
51 63 707.971789
51 61 424.908643
51 57 166.258338
51 54 203.328123
51 52 804.532693
52 96 615.769401
52 94 224.854416
52 92 711.284682
52 91 89.253202
52 89 374.991261
52 87 965.501739
52 86 886.815669
52 85 309.987457
52 81 455.836291
52 80 513.221878
52 79 546.156260
52 76 390.914985
52 72 873.566315
52 69 286.089112
52 59 949.625153
52 58 108.632959
52 53 720.203704
53 94 925.858283
53 93 173.207309
53 92 917.072325
53 91 760.714167
53 88 242.260569
53 86 973.890251
53 84 368.081244
53 80 18.366916
53 76 850.663254
53 74 837.632061
53 73 798.116186
53 72 134.823177
53 70 401.272530
53 67 779.498973
53 66 967.870570
53 60 687.171842
53 59 741.238864
53 57 843.306415
53 56 223.609831
54 99 408.132050
54 98 384.256033
54 94 353.351308
54 93 485.543953
54 92 669.004334
54 91 993.500014
54 89 843.408045
54 88 441.428152
54 86 427.909039
54 79 804.701824
54 78 326.770763
54 77 446.214559
54 74 306.620538
54 72 453.183710
54 70 601.144213
54 65 13.519112
54 62 178.684695
54 61 923.055284
54 56 673.975563
55 99 965.356841
55 97 565.764400
55 96 961.193616
55 94 777.883796
55 93 383.130840
55 83 372.224127
55 82 209.558965
55 76 914.041319
55 73 524.267772
55 72 183.309820
55 70 755.933052
55 67 168.346058
55 65 334.472913
55 64 125.528216
55 62 596.042342
55 61 241.588701
55 60 765.041395
55 58 625.652237
56 97 863.331858
56 96 672.655475
56 95 489.521554
56 94 590.828490
56 91 502.947015
56 89 722.437773
56 87 1.460789
56 86 14.150982
56 83 307.061370
56 81 132.575531
56 78 339.387929
56 74 685.265268
56 73 525.848014
56 66 720.976984
56 63 219.720424
56 60 415.199009
56 58 998.829622
57 98 856.268850
57 96 845.161252
57 95 395.301918
57 93 786.975868
57 90 26.538731
57 89 767.973708
57 88 963.989632
57 82 979.947006
57 80 890.937266
57 79 0.223212
57 78 130.790829
57 77 12.359097
57 74 608.326050
57 73 97.797461
57 72 973.541652
57 70 714.344470
57 68 672.171892
57 63 570.411832
57 62 89.009740
57 60 696.864600
57 58 181.713569
58 97 941.158275
58 95 434.503764
58 94 985.011738
58 93 254.511733
58 89 475.556235
58 88 952.029742
58 85 961.512134
58 84 286.384866
58 82 500.407843
58 75 506.654511
58 74 447.068847
58 69 455.307289
58 67 751.637632
58 65 357.310029
58 64 494.122429
58 61 785.977024
58 59 889.698599
59 98 581.415305
59 95 276.288971
59 92 838.064106
59 91 252.605506
59 88 44.085058
59 85 229.900461
59 84 141.721328
59 82 554.696394
59 81 554.083281
59 78 656.384824
59 75 191.415235
59 74 540.110108
59 71 746.071757
59 70 263.681551
59 69 660.099006
59 66 351.339942
59 63 587.024935
59 60 542.973243
60 93 292.166744
60 89 837.615404
60 88 317.897401
60 87 486.525301
60 84 420.487567
60 82 111.330258
60 78 777.892413
60 75 852.568621
60 74 898.085206
60 69 838.398632
60 66 726.460984
60 61 983.765165
61 98 855.236167
61 93 614.615071
61 92 302.792058
61 91 555.196886
61 84 861.096970
61 82 106.353598
61 79 835.705480
61 77 3.989308
61 73 463.195075
61 71 668.063368
61 66 854.703675
61 62 93.779451
62 98 625.690494
62 96 487.130821
62 89 375.131118
62 86 4.201937
62 85 791.098107
62 81 140.915222
62 76 884.432726
62 74 138.559673
62 72 727.095494
62 71 783.763436
62 68 297.186116
62 66 117.832605
63 98 204.659293
63 93 483.846724
63 91 95.284848
63 89 588.144746
63 86 169.371672
63 81 935.932889
63 80 105.915755
63 77 370.828755
63 76 809.130433
63 73 490.034359
63 72 165.348158
63 69 507.140102
63 67 723.734495
63 66 281.310877
63 64 504.575807
64 99 31.847077
64 96 639.798107
64 95 169.045340
64 91 942.267863
64 88 221.467382
64 85 912.304291
64 84 458.913471
64 81 830.150410
64 80 138.554257
64 75 865.079542
64 73 504.733872
64 70 481.517529
64 69 514.962403
64 66 350.262851
65 98 59.031493
65 95 700.621808
65 88 253.827295
65 83 443.846456
65 82 83.916925
65 77 49.816953
65 76 414.220520
65 75 772.310540
65 70 510.613960
65 68 658.420050
65 67 542.018867
66 99 1.585080
66 98 283.592438
66 97 683.591174
66 96 27.842960
66 95 623.585058
66 92 78.739762
66 91 581.728807
66 90 407.936925
66 89 939.732650
66 88 986.926321
66 82 216.134478
66 81 12.059534
66 78 225.731005
66 73 687.388805
66 71 354.467447
66 69 463.331504
66 68 29.277369
67 99 543.378140
67 96 751.769969
67 95 93.698159
67 92 598.529382
67 91 419.748184
67 90 676.452556
67 88 66.053964
67 87 663.781882
67 86 573.306949
67 84 318.696337
67 82 767.929871
67 78 591.131067
67 72 612.974485
67 71 594.049077
67 70 47.733395
67 69 610.398591
68 98 465.537156
68 96 265.901669
68 91 522.031216
68 90 60.445284
68 88 413.221737
68 87 285.178525
68 85 216.707271
68 79 251.781422
68 77 209.606957
68 76 199.635487
68 73 618.504672
68 72 219.654579
68 71 698.511381
68 69 647.223547
69 97 992.195026
69 92 650.861169
69 87 258.593678
69 86 713.323603
69 84 847.626208
69 79 466.054308
69 78 413.811318
69 75 436.756378
70 97 255.118972
70 96 807.216940
70 94 85.264823
70 93 790.891138
70 92 383.920945
70 91 189.388100
70 90 451.201575
70 86 405.788029
70 85 201.942117
70 83 76.492624
70 79 423.966506
70 78 725.028202
70 74 52.895325
70 71 887.565444
71 99 728.391072
71 98 678.197987
71 96 633.496989
71 91 395.535432
71 90 992.887713
71 88 120.786167
71 85 103.843685
71 83 557.501434
71 81 945.628671
71 78 805.507699
71 77 418.141777
71 76 3.141469
71 73 607.305805
72 95 531.582331
72 94 915.237564
72 92 177.344819
72 90 879.211720
72 88 352.635446
72 86 537.801998
72 85 57.054048
72 83 366.015499
72 82 683.031645
72 77 977.266713
72 74 183.969364
73 99 226.015594
73 97 746.183395
73 92 765.683120
73 91 981.158340
73 88 958.001306
73 86 555.711694
73 81 429.291585
73 80 646.597692
73 78 200.931441
73 77 479.832199
73 75 229.456632
74 97 277.272949
74 96 969.715158
74 94 55.556816
74 93 5.007335
74 91 722.728177
74 89 867.814137
74 88 369.375619
74 87 208.110535
74 85 837.054210
74 83 850.449745
74 82 117.582281
74 81 469.019035
74 78 164.541842
75 98 252.903039
75 95 803.413452
75 93 731.021286
75 87 663.437945
75 84 467.594818
75 83 29.766996
75 80 501.646282
75 78 368.979850
75 77 799.507810
76 97 103.750811
76 94 545.637409
76 93 556.700378
76 89 322.414713
76 86 997.837025
76 83 388.187770
76 81 389.503414
76 80 474.096301
76 79 578.701218
76 78 925.388931
76 77 138.100416
77 97 904.203553
77 95 329.611270
77 94 682.784117
77 93 936.584893
77 90 376.330825
77 89 635.509670
77 88 557.043886
77 86 831.075959
77 83 531.613873
77 80 306.244815
78 98 912.920291
78 96 9.511674
78 85 129.888584
78 81 143.308311
78 79 266.454872
79 99 888.756833
79 97 739.959205
79 92 914.361055
79 89 704.082320
79 88 902.924572
79 87 169.355748
79 85 94.691991
79 83 557.007234
79 80 796.221896
80 98 891.259736
80 92 68.907703
80 91 726.842968
80 90 505.456611
80 89 848.491791
80 88 878.928695
80 87 380.498707
80 81 345.793232
81 99 923.992269
81 98 799.561191
81 97 42.833643
81 92 145.214016
81 91 651.605082
81 90 58.147535
81 88 104.256424
82 99 819.373566
82 95 538.885232
82 92 386.489091
82 91 324.240559
82 90 153.041680
82 89 789.504895
82 83 651.384234
83 97 80.797424
83 95 554.766326
83 92 226.914812
83 90 360.989289
83 89 392.820304
83 87 573.498511
83 84 517.128636
84 99 139.956832
84 95 839.695438
84 91 215.233883
84 88 120.481492
84 86 848.396092
84 85 200.929119
85 96 153.068029
85 95 648.925399
85 91 668.596691
85 87 667.929703
86 99 746.792163
86 96 148.160350
86 95 473.624102
86 94 454.779322
86 89 879.234371
86 88 710.595019
86 87 307.235918
87 98 82.417022
87 94 160.489613
87 91 594.996147
88 99 841.534396
88 95 406.419721
88 94 135.173741
88 93 331.743297
88 92 303.518577
88 91 895.595913
88 90 742.163246
88 89 496.373072
89 99 66.949278
89 98 465.698784
89 95 326.363181
89 94 772.593095
89 93 336.134033
90 98 553.231216
90 94 362.265663
90 92 301.439525
91 99 496.826219
91 98 626.694373
91 95 59.144458
91 94 475.903907
92 98 299.519374
92 96 68.100022
92 95 832.216520
93 99 519.768336
93 98 949.325788
94 97 588.677917
95 96 13.831428
96 99 634.042903
96 98 52.057587
97 99 835.016185
97 98 68.680232
