1000 493 0
0 363 777.298315
2 296 884.743008
4 534 244.236218
5 488 142.318816
5 100 725.439845
7 273 864.601994
8 882 347.434437
9 870 660.116994
9 543 336.353952
9 495 710.346029
9 231 430.337407
11 750 588.718092
11 55 167.154782
12 595 244.938831
12 316 357.205881
13 719 780.002597
13 468 358.357054
14 289 323.730590
15 941 410.119055
15 882 362.555642
15 561 885.451647
16 274 825.731397
17 742 78.225738
18 230 405.965098
19 904 455.180457
20 815 932.973225
21 201 434.636478
23 481 546.207711
25 910 188.491705
25 754 699.766143
26 313 405.060642
27 964 547.581080
28 389 693.107752
28 288 516.372673
28 33 861.428515
29 839 938.085328
29 825 933.549234
30 469 393.143094
31 155 720.642500
32 192 562.970886
32 151 276.425083
33 499 14.593675
34 419 206.507649
36 764 121.147986
36 84 247.272161
37 193 147.484931
39 242 778.730946
42 807 398.623060
42 256 6.109379
44 605 47.792620
46 808 245.184063
46 605 612.536345
46 598 134.725146
47 711 61.541177
47 170 659.399795
47 133 813.468411
49 164 90.127162
50 188 694.320557
51 903 34.806101
53 961 685.837397
53 815 592.257309
56 395 126.047482
58 450 831.970449
59 119 278.006204
60 816 643.304494
62 196 376.797369
67 460 728.556066
70 578 800.523241
70 327 653.280935
71 299 793.118693
72 662 57.533246
75 191 90.619086
76 803 620.544659
76 544 475.025915
77 720 400.425731
77 133 159.368661
78 649 677.170264
78 584 171.438297
79 218 1.519547
80 106 376.635716
81 769 964.943057
81 546 83.179009
84 123 121.434609
86 153 949.090026
86 145 268.241766
89 576 742.382434
92 629 35.723413
93 247 277.843648
94 272 888.801080
95 434 194.747566
96 117 368.108648
98 982 326.832943
98 176 152.065158
101 977 280.013306
103 889 392.658872
103 787 651.595566
107 927 264.857001
107 885 2.861393
108 432 773.106310
108 219 96.100797
109 352 291.641848
110 956 17.417187
112 707 791.169991
113 393 405.735562
114 887 31.088915
115 263 41.793178
118 753 566.931563
119 669 433.416439
119 354 340.425318
120 911 965.202303
123 880 991.635229
124 582 227.434685
124 390 216.058466
125 228 828.018168
126 696 527.524691
128 539 687.914285
132 972 644.682776
134 663 173.255835
135 513 563.610180
137 859 656.615611
137 810 86.836897
137 375 730.467199
137 272 469.283426
138 331 507.263583
139 843 287.019878
141 660 399.102610
143 832 263.987696
143 796 646.089299
143 303 182.908072
143 266 787.260143
144 969 411.156011
145 950 391.111477
145 539 374.869880
145 340 792.889988
146 940 33.282445
146 642 891.773059
149 532 582.410496
149 428 940.095820
150 966 51.476993
150 903 839.044830
153 622 789.283816
154 455 578.470824
155 373 35.184206
158 359 835.287518
159 810 23.863144
159 670 249.897196
160 587 196.914458
163 171 269.633147
164 821 470.046985
164 705 185.082626
166 348 557.309033
169 397 255.429024
171 304 318.149410
172 698 874.907509
172 306 243.988763
173 408 621.186724
173 288 344.466364
176 527 18.730207
177 894 839.740068
178 838 651.737929
178 478 481.915964
178 301 424.368561
180 338 141.738209
180 189 978.131459
181 811 646.779243
181 286 949.931862
183 485 354.872806
183 477 273.527004
185 793 217.969087
186 350 409.998573
187 330 513.968734
188 561 799.554766
188 513 969.600416
194 526 999.935121
194 434 429.761251
194 336 933.709624
195 751 766.029375
196 910 434.935118
197 874 778.331799
198 860 484.972710
198 513 39.598596
199 924 212.852509
199 628 416.554170
202 484 484.713486
205 886 458.117321
207 570 352.428467
210 724 536.226121
210 377 529.986888
211 267 219.767274
213 850 815.236735
213 306 437.155648
214 522 747.538255
214 513 914.205503
214 509 849.759336
215 784 977.808098
221 415 160.509468
221 389 234.954933
223 677 172.258611
224 507 413.110125
224 445 756.212145
225 341 124.617139
226 786 68.108708
227 328 706.030425
230 421 267.936578
232 436 924.306312
233 944 50.511363
236 276 673.370691
238 588 108.824440
238 439 965.720009
238 328 473.554082
239 630 178.046876
240 871 211.431093
240 717 600.246397
244 423 727.395588
246 789 548.833386
247 958 56.762308
253 526 61.532978
259 542 614.239248
260 506 101.539308
261 831 868.584641
261 810 33.789982
263 637 498.807450
263 568 142.423147
263 468 353.238022
264 307 347.938145
265 672 780.658616
265 270 653.147130
266 655 171.755321
269 282 360.857866
270 750 619.276782
271 781 159.358332
271 512 23.167845
271 416 929.934699
276 590 123.465264
280 580 660.562673
283 961 238.417680
284 771 945.698805
284 341 403.475860
286 299 473.654335
287 891 280.403631
288 369 300.168752
289 686 136.068973
296 900 233.591920
296 868 297.185776
296 714 180.532378
296 633 490.972518
296 539 975.369683
297 898 260.044584
297 527 367.172808
297 315 756.554617
298 698 423.523677
300 662 372.876306
301 599 280.438871
301 450 592.487559
302 395 67.842379
304 501 215.445761
306 559 493.230840
308 423 430.107208
309 798 950.104055
311 789 257.344070
311 516 84.767861
313 977 534.192882
313 328 824.858570
315 585 24.817597
316 457 926.106034
318 627 691.722367
320 954 526.867229
320 501 294.532647
321 617 54.102660
324 852 291.187491
325 833 317.553155
326 779 667.658065
328 959 887.231220
329 589 314.469246
330 921 398.499052
331 492 322.839100
332 557 723.828784
335 996 777.283309
339 970 443.891344
340 784 682.695130
341 391 557.821003
342 770 544.184971
342 605 360.872557
344 741 827.241488
346 512 257.037575
347 722 485.480872
348 762 168.499770
348 603 286.149517
349 948 70.589973
349 895 301.670503
351 896 281.437404
351 694 730.370113
351 546 425.039738
356 556 289.962180
358 803 742.685108
359 796 954.677375
359 486 113.253455
361 461 126.764446
363 731 630.877220
367 470 134.911973
370 457 387.901196
371 785 617.612435
377 962 859.188669
380 821 214.516512
381 818 536.379663
383 942 459.792274
386 403 390.455519
387 755 195.359187
388 781 859.546570
389 832 458.243762
390 950 800.586681
391 886 486.741461
392 620 472.904156
394 493 525.971202
395 671 421.787864
400 853 919.010087
400 422 644.566282
405 616 126.922953
407 880 468.553589
409 933 469.707962
413 510 114.687554
415 829 618.966185
418 996 14.161448
418 648 70.500023
418 629 561.980094
419 425 783.930786
420 433 434.067797
422 944 470.857088
422 669 265.825473
425 866 192.489470
435 458 527.527629
436 528 150.710207
439 707 927.294749
444 789 593.053852
447 892 708.966868
447 664 820.019577
447 635 747.217652
449 490 20.290110
450 664 196.625662
452 826 963.540352
458 663 601.368670
459 924 512.493690
460 470 280.009421
462 723 134.528329
466 973 212.191916
466 925 833.593760
468 700 215.976693
475 755 895.313632
482 626 996.961546
485 729 38.841911
490 775 249.579584
492 728 908.580362
495 846 941.113325
497 992 138.797906
497 520 855.686299
498 736 94.799980
500 807 97.244447
503 794 596.612376
504 975 894.414816
504 715 701.678464
504 556 937.560047
507 885 436.968651
511 840 737.486829
513 787 230.931877
516 534 418.325074
525 887 930.119880
527 681 310.917447
530 719 494.535135
530 611 109.403786
531 990 292.883663
532 615 192.461052
534 620 153.933210
538 851 792.088732
540 726 466.468442
540 608 873.781306
553 946 187.744562
553 865 910.814151
553 858 659.864226
554 821 436.017757
555 938 113.497770
555 566 478.429392
561 574 162.033263
564 727 807.673107
570 942 859.600949
572 962 391.158746
575 856 836.006453
576 878 877.658583
578 864 204.592372
580 862 291.241903
580 774 414.175980
584 806 758.378236
585 698 665.624768
588 864 315.067577
588 596 474.537682
589 935 939.128933
593 797 85.578524
596 804 641.580456
596 707 940.735441
597 753 618.298122
601 833 830.710844
604 805 633.516793
606 913 683.621270
612 651 386.284838
613 888 629.496384
615 886 676.182483
616 996 212.812489
616 888 140.396481
616 738 653.969279
616 694 301.406594
622 727 970.089549
626 879 860.754308
626 730 805.249610
627 930 786.230681
627 631 923.505889
630 716 490.435302
630 707 672.651091
633 890 186.708416
636 722 426.357734
636 714 572.710529
640 846 349.144817
649 766 496.602093
650 728 436.389262
653 816 283.230891
654 817 974.477888
655 762 531.494085
656 733 653.785971
657 775 581.462386
666 762 586.935566
669 896 966.557150
669 877 162.550237
670 975 124.308278
673 938 723.670972
673 840 738.294494
673 745 669.736342
675 820 682.293448
677 862 509.659868
685 961 940.860774
685 732 140.082316
695 948 629.787292
698 929 391.010515
698 836 50.770893
705 844 216.370282
707 855 861.754373
707 794 502.801331
709 887 399.871969
710 858 366.789101
721 921 49.963445
721 872 10.320495
727 934 240.520293
730 857 27.961657
731 987 803.699701
742 852 20.789798
746 766 2.998251
749 798 820.215730
757 819 288.674311
761 785 486.067075
765 979 996.103557
765 801 542.422565
766 843 68.129020
776 916 419.999215
776 843 861.253205
778 884 295.437509
779 897 787.526255
780 962 584.643354
780 886 348.541990
785 990 697.117533
787 925 64.812923
803 962 353.638502
804 882 213.564065
809 897 169.426232
811 932 808.879694
814 906 223.470734
831 865 804.655849
844 897 416.009367
850 916 588.449980
853 891 144.741076
858 957 27.076306
860 928 395.158717
860 862 444.697380
861 878 129.645873
865 923 484.392982
872 994 927.933327
876 982 586.767972
885 969 965.660970
887 996 534.044338
891 897 432.280030
903 959 71.546306
905 959 408.896468
905 909 93.051994
907 968 156.393147
926 938 635.427421
959 970 322.738511
965 988 809.863320
