1000 488 0
0 565 932.836652
2 545 43.515232
2 78 811.614308
4 529 189.032068
4 159 749.367065
5 667 973.390448
5 468 236.837253
5 464 943.239722
6 366 553.785188
6 119 724.811852
9 926 84.354073
10 419 413.176494
10 100 297.075009
11 412 226.112581
13 32 823.640479
14 662 54.671711
15 956 457.139388
15 611 771.297492
15 547 484.784002
15 263 305.503730
15 141 437.970798
19 978 13.624019
20 516 412.594687
21 863 948.674405
21 845 943.706129
21 667 437.308167
21 453 35.010088
23 906 772.573530
23 870 384.000016
23 300 227.079518
24 40 137.470170
25 310 221.016387
26 361 483.742577
26 275 948.554605
29 245 299.254710
30 294 289.678014
31 606 210.119234
33 929 11.075885
33 524 482.055843
33 455 986.361854
34 670 662.926186
37 774 219.417061
39 313 473.346732
41 438 118.152270
41 228 198.850050
42 932 392.263564
44 487 165.079204
46 363 972.811585
48 133 171.683336
49 208 400.202100
50 444 351.649529
51 708 829.568002
53 957 190.452795
53 396 983.601390
54 82 188.289750
55 510 231.700097
56 400 53.254502
57 847 851.386103
58 435 665.047203
58 299 39.802872
62 599 491.881134
62 333 947.238703
63 262 319.030505
64 854 410.948378
64 816 313.034712
64 718 529.824815
64 703 712.312055
64 693 431.102938
64 540 963.229142
64 142 594.727553
65 673 625.064409
66 289 141.249867
68 766 539.739670
68 417 248.387198
69 985 588.754615
69 912 785.476065
69 859 42.819482
69 255 706.115559
69 205 63.477901
71 294 466.345212
72 527 538.843211
72 399 286.740753
73 370 868.224646
73 196 951.680468
74 452 273.603232
75 670 697.854842
75 267 91.991816
76 591 879.846956
78 458 535.555055
79 810 517.109561
81 209 940.073232
82 118 7.990757
83 901 608.297626
83 174 152.120890
84 813 846.495886
86 926 828.372390
89 470 786.028830
89 146 447.442698
90 421 993.137584
91 822 664.717802
91 459 595.879789
92 844 861.742285
100 821 106.932898
102 212 685.662194
105 120 4.290063
105 109 239.849637
108 815 436.282926
110 546 931.282291
110 482 517.656290
111 242 94.535081
112 453 310.381132
113 541 153.899575
113 430 442.521757
115 940 729.089176
115 889 947.700161
115 264 724.387244
115 144 828.903746
117 794 385.765496
118 744 245.220272
120 835 574.307425
120 549 992.719943
121 788 489.319423
124 317 391.790741
125 358 438.936243
128 579 587.256228
128 548 758.538226
129 327 263.532305
132 379 924.571889
133 886 150.000343
133 173 448.229589
134 360 127.321979
135 577 826.076467
136 620 121.875670
136 273 763.085309
140 844 908.992814
140 769 19.009569
141 733 348.722420
141 218 807.763529
142 494 584.519537
143 918 290.968397
144 533 124.512241
146 843 993.398582
146 635 660.619437
148 933 990.283864
149 675 483.348002
150 943 245.271258
151 828 531.483902
151 182 221.345344
152 533 113.009646
154 622 274.769792
154 597 902.227763
154 464 983.883984
156 616 656.564046
156 342 592.607223
158 630 300.696206
158 436 521.360771
159 958 19.904878
160 618 369.588247
160 477 757.426068
164 500 49.096868
165 366 101.719935
168 414 861.801191
169 441 355.105854
170 588 533.544013
174 662 625.944438
174 357 598.924829
177 875 870.639723
178 565 696.733566
178 434 709.036518
179 792 61.259636
180 418 518.466201
184 583 655.722381
185 810 597.117550
187 529 447.706198
189 538 925.275011
190 470 36.289008
191 219 615.584834
193 229 201.183925
194 794 184.684794
196 537 176.660297
197 949 18.612158
200 823 132.352581
203 416 389.633957
203 280 61.434357
205 578 59.935888
206 302 897.502704
207 983 628.702693
208 232 562.278624
210 908 550.366062
210 751 526.941057
213 853 127.888473
214 460 238.003358
216 885 581.040440
217 409 306.440001
218 543 853.456682
219 552 341.453290
221 663 977.586927
221 477 808.571459
223 613 50.694452
223 274 83.427115
224 297 940.659284
226 745 743.707450
226 703 395.289676
228 729 609.909055
233 933 923.862685
233 881 450.080332
233 688 635.708236
238 303 588.586543
239 354 448.664682
241 255 801.887234
244 974 229.673076
246 675 457.962399
248 614 560.011914
248 585 184.939778
249 779 267.306885
251 950 523.432040
253 872 710.522319
255 591 945.955452
256 479 598.091640
257 791 514.176875
257 402 458.774556
259 958 530.234082
265 433 89.863319
270 638 513.869470
272 455 676.486111
274 694 732.173035
274 412 628.645529
275 922 597.619666
275 621 558.375422
275 449 908.856770
276 377 443.398121
278 660 171.428241
278 556 151.490572
280 442 847.570292
281 712 864.120572
281 375 880.388729
284 368 338.185719
286 773 422.691074
287 828 358.478560
289 871 573.688407
292 761 647.485849
293 591 954.401259
297 837 967.642067
298 756 301.251959
299 652 187.240747
300 923 429.105793
304 646 99.028525
306 726 945.497522
307 610 261.768492
309 976 52.609815
309 378 779.239986
311 343 650.049772
314 401 924.468346
315 760 568.108385
316 985 982.150398
316 637 878.923089
317 455 345.405611
318 593 533.929282
321 957 532.348296
321 638 288.351000
322 875 555.691757
322 684 90.215567
322 370 480.756934
323 422 310.920119
326 773 362.947205
326 696 462.902806
326 402 987.103871
328 616 621.636441
328 455 871.738641
332 497 861.631930
333 933 440.472615
333 361 113.065714
340 889 994.984410
340 521 609.451266
341 927 692.640047
343 470 192.142797
344 843 514.953689
344 652 739.246667
344 403 576.415028
345 512 589.164668
345 399 934.938350
346 981 761.500600
347 578 564.740898
349 979 854.855970
349 751 767.520494
351 516 203.318197
352 774 717.563386
353 978 685.497681
353 461 328.847136
354 611 807.496806
355 875 46.322567
356 635 935.286200
359 632 310.746442
361 622 227.097238
366 433 571.684610
371 688 616.761636
371 541 3.526852
373 954 745.416503
378 981 99.031444
379 812 241.735558
381 578 976.452094
381 534 147.614148
389 676 429.958317
390 783 409.849941
392 567 73.728336
392 407 773.100268
393 866 939.136112
396 832 407.061004
400 958 943.475332
400 631 209.929096
406 588 800.403387
407 579 49.393571
410 767 384.506405
414 973 320.937908
414 680 138.987284
416 848 557.454164
417 887 167.001902
418 971 342.887250
423 620 162.527393
429 776 644.417544
430 768 295.468278
438 968 575.570139
438 720 786.936831
439 545 188.104068
440 804 160.339168
442 507 541.678644
443 995 737.681229
443 505 45.176100
445 833 647.660551
447 873 808.965973
447 853 464.041360
449 787 705.139447
456 961 614.291069
457 753 304.778174
460 756 540.799353
461 871 11.696247
465 926 328.898797
470 943 230.979013
470 711 547.100664
471 961 997.173077
471 720 186.917910
473 965 780.189078
474 674 912.301219
474 490 810.479164
476 736 205.142475
482 794 200.488755
487 640 345.888151
489 721 292.399571
496 538 804.364568
498 773 433.254485
499 750 146.749647
500 981 303.052066
502 621 533.724404
503 603 888.549005
506 777 444.313470
506 674 567.717724
508 546 586.091482
510 947 354.550037
512 541 514.451377
517 884 978.517810
518 901 526.538565
519 824 340.273160
520 850 791.793339
521 640 366.459049
522 843 865.501388
525 545 481.247002
526 938 11.219175
526 764 195.928663
526 759 380.465042
533 953 149.246440
533 679 397.957162
535 653 911.024990
535 571 299.190486
539 827 876.147172
544 756 691.121379
545 760 286.188425
548 993 631.875606
548 889 13.820121
550 870 25.939002
554 982 791.066067
558 878 715.853995
559 872 874.941605
561 758 830.775328
561 562 174.789741
566 948 214.142389
566 607 851.289480
568 989 595.065158
568 983 181.756688
568 790 381.696419
569 656 91.574146
569 632 572.641953
569 578 247.482709
570 799 526.112047
571 685 955.551437
573 916 964.058655
574 650 212.989898
575 868 124.957569
577 933 609.292586
581 751 630.763513
585 807 712.563087
586 828 563.743503
586 649 537.778157
587 741 43.634328
588 961 25.581653
593 622 442.608935
599 604 947.861414
601 904 586.096352
601 655 876.445407
601 642 148.605113
602 753 3.581289
606 641 138.253237
611 899 999.257336
611 716 767.334042
623 729 164.852838
626 715 251.028678
631 924 924.071586
632 984 546.372105
635 999 171.566698
637 833 74.700578
639 750 252.317574
639 687 224.665099
641 769 261.687078
648 911 238.445710
650 789 696.175177
653 842 415.090925
655 689 271.764258
663 814 394.846317
664 894 732.642405
665 907 269.816188
667 994 389.961058
668 672 626.949494
672 935 137.674038
672 847 718.139025
673 685 137.210928
677 714 970.710643
681 756 315.154512
683 939 426.344320
687 933 579.004617
692 896 152.720057
696 761 805.322078
707 938 411.598935
707 743 899.877826
711 718 717.392634
718 876 219.692136
724 974 550.832747
727 911 524.684487
729 893 575.612602
730 937 940.425241
732 935 355.841232
733 784 193.440747
740 948 956.912585
742 783 431.700636
746 858 891.392197
752 959 616.725533
754 811 648.420299
761 912 724.863982
761 809 474.070242
766 829 687.305254
768 909 928.509202
775 844 762.147554
776 969 844.604602
779 859 530.693415
779 843 761.318274
780 809 879.050716
787 940 883.818176
794 880 540.112978
797 903 294.126228
798 990 865.258348
804 990 890.797068
804 918 141.084510
809 822 157.005200
818 905 892.045248
819 856 240.156663
820 944 497.261893
820 890 957.088795
838 856 558.151885
840 868 745.744995
841 985 106.815781
852 963 323.237112
853 959 549.645423
854 932 61.975397
883 884 875.183536
891 962 850.089079
897 917 327.558210
907 982 708.721107
918 927 359.288962
926 994 78.024535
969 986 91.722799
