1000 541 0
0 103 545.277292
1 952 270.827180
1 868 475.814743
5 908 199.577442
5 11 306.761472
6 652 228.010529
6 258 990.335329
9 964 8.825610
9 410 213.119737
10 168 220.680503
11 481 999.922801
12 233 557.946260
13 141 946.540198
13 113 716.244758
15 186 677.152439
16 427 355.832996
19 807 71.583432
20 913 449.828499
20 435 334.648733
20 250 327.714845
21 941 494.775631
21 257 111.580118
24 769 970.543005
24 618 51.445906
24 220 978.509182
25 40 901.215405
28 614 368.292450
30 418 714.314575
30 287 343.839264
34 668 958.550888
34 495 30.373833
35 784 249.970742
35 410 242.722495
35 313 872.969785
37 465 78.141822
37 343 609.074828
41 43 198.676037
42 220 282.966098
43 913 174.310535
43 612 472.969097
43 602 151.692229
44 612 95.700309
44 401 137.539904
45 96 660.306782
48 993 310.287038
48 862 209.742664
49 930 671.654850
50 853 61.956619
51 958 894.479475
53 929 299.093183
53 484 346.300163
56 284 846.030212
56 252 496.373249
57 819 977.697480
57 121 65.662421
58 498 96.820917
59 806 370.298253
59 489 758.710797
59 151 353.113259
61 928 286.937114
61 824 972.391595
62 821 297.275196
62 658 655.915127
63 450 253.976199
64 491 624.972054
65 994 80.543929
65 825 305.869307
65 321 396.168136
66 191 438.679228
66 93 387.717939
69 399 73.654536
69 167 267.572113
70 978 159.133221
70 236 964.752201
71 449 622.767422
72 790 954.605448
76 550 272.252639
76 334 270.990220
76 267 828.581551
76 78 442.754685
77 824 665.139630
77 271 382.098458
77 247 340.381629
78 231 185.327517
79 542 369.313084
81 679 934.955619
84 781 198.636226
84 367 207.538928
85 124 248.554954
86 957 413.727191
86 368 511.969585
87 321 102.579591
88 715 102.503920
89 977 173.121106
90 104 655.018988
95 501 851.168410
99 230 659.797586
100 903 97.395181
100 261 415.140564
102 914 597.222544
102 320 918.403527
103 617 749.901765
103 409 678.695253
103 225 369.785225
103 115 634.156828
105 707 793.674137
106 756 827.895875
107 145 387.762205
109 996 809.756661
110 743 161.012013
110 656 992.895995
110 497 82.597443
111 947 211.257497
112 625 882.823146
113 961 678.565693
114 126 134.917675
115 772 514.275366
115 179 313.599703
117 457 30.147778
117 186 301.263291
118 734 121.414678
118 638 731.252196
119 814 398.984738
119 542 345.592444
119 514 952.936348
120 814 159.639634
121 304 796.679653
122 285 188.709577
123 323 473.056917
123 274 751.052501
124 395 382.658980
125 260 479.549063
126 187 262.554992
127 892 291.028257
127 469 200.874199
128 976 105.293244
128 873 346.189581
128 489 250.543273
128 145 257.514268
130 471 665.406399
132 993 111.965901
135 565 945.013582
135 385 745.524730
135 305 582.458848
138 332 248.071783
140 907 472.080444
142 848 475.998393
145 468 320.015557
149 264 765.190648
152 222 781.598750
153 488 283.499859
153 446 148.427035
154 857 95.437279
154 588 406.540897
154 481 927.362807
155 726 582.295717
155 686 278.768131
155 685 888.628059
156 886 115.613127
156 834 260.213324
157 883 824.886382
157 664 922.985763
157 529 93.915865
159 422 584.230082
159 280 350.315127
161 254 353.579542
162 444 953.610813
162 381 765.562128
162 245 712.879320
163 753 768.051677
164 985 152.141302
165 320 75.666947
166 994 520.006990
169 997 822.117583
169 224 469.958339
170 291 187.928482
171 644 603.351010
171 347 245.621877
172 898 837.332623
172 812 319.324768
172 720 460.433162
172 282 118.608716
174 565 740.172047
174 373 720.665483
175 801 345.580355
177 485 84.279912
177 396 383.038603
180 808 799.019596
180 564 96.765243
182 921 397.175002
182 604 700.595362
183 649 761.239853
184 965 77.966413
186 738 886.265560
186 307 345.441410
188 605 255.230372
188 525 444.799436
189 794 150.035300
190 952 193.319245
190 397 20.464794
193 500 184.123089
196 554 377.780017
198 857 594.146941
201 812 199.138678
203 590 97.645860
206 829 386.540216
206 626 571.954182
207 573 64.481257
207 425 490.754096
209 223 26.170496
211 964 991.443913
214 669 954.626275
214 372 158.775615
215 860 298.522658
215 397 446.827411
216 454 784.280851
217 251 288.162181
218 952 542.474757
220 949 522.225805
221 948 549.092234
222 419 149.525488
222 400 647.218568
223 518 210.318504
225 902 337.789583
226 343 717.863955
228 346 634.011565
229 766 99.814783
230 718 492.653519
231 941 708.611947
233 656 534.335069
235 933 91.191296
235 800 235.553440
235 722 591.240694
241 602 751.193483
245 385 670.734748
245 372 511.919780
247 385 819.494146
248 535 61.891311
249 739 263.465757
250 350 675.403787
252 991 70.776101
252 960 320.035252
253 405 337.554776
254 291 538.476731
255 758 111.882372
256 650 538.220160
259 654 216.915287
259 627 82.227004
259 390 749.302473
260 676 140.156999
261 842 174.879236
261 348 399.417240
262 570 486.075598
263 981 623.876647
263 761 94.054987
263 329 646.952538
264 548 850.283041
265 925 677.818908
267 330 870.932868
268 281 53.071992
269 333 953.739714
271 872 65.556619
271 609 397.075805
273 414 616.182300
276 810 788.617252
279 569 312.176327
282 913 87.189997
283 398 836.609995
284 423 582.562385
286 943 518.761367
287 901 806.311129
289 884 471.958126
290 971 548.815995
290 593 210.987115
292 318 943.817810
294 616 176.073360
296 684 629.178917
297 942 621.809609
297 695 919.320116
298 815 864.264349
299 968 483.964962
299 448 911.863256
300 771 335.736320
301 969 984.606605
301 607 112.055259
301 464 198.271301
302 847 177.951977
302 784 22.935444
302 513 80.802805
303 931 522.265488
303 739 807.812484
303 332 240.108998
310 542 320.340579
311 968 430.265919
311 926 195.849534
311 790 771.812137
315 911 508.495930
315 378 486.882153
319 967 665.865926
319 369 67.273629
320 778 391.078777
321 908 221.929952
323 412 669.003837
324 877 907.772632
324 794 74.558988
325 741 415.476549
326 469 738.225777
328 790 185.818065
329 467 282.973678
331 922 918.891005
331 419 171.673309
331 377 871.577159
332 800 174.908661
332 632 357.049030
335 764 892.481699
335 645 485.960106
335 399 281.821898
336 448 335.925999
337 596 774.234167
338 947 510.549918
340 619 664.991369
344 914 306.384301
344 523 556.386181
345 815 792.848814
345 713 696.326901
345 634 78.525361
345 589 444.429187
347 967 565.262977
349 793 247.714219
349 750 535.060691
351 677 717.526321
352 637 202.009206
357 710 134.635408
363 845 928.495211
363 573 321.773974
363 414 36.760001
367 916 272.582946
368 723 42.272981
371 998 829.401308
372 386 83.586445
373 823 546.356437
373 753 592.678672
373 648 940.969526
377 633 486.074529
382 559 324.077144
382 479 733.439928
387 676 961.060810
388 736 49.940533
389 823 614.454783
390 920 531.588948
394 754 428.181750
396 636 766.293812
399 993 234.202802
399 507 79.262403
410 817 538.623978
410 674 609.891269
410 537 96.467645
410 484 905.400871
413 802 115.854361
413 684 193.853210
414 993 749.737245
414 686 685.866596
415 751 842.098880
416 960 375.166613
416 427 6.661509
420 876 320.932856
420 864 147.281084
420 658 547.880730
420 647 548.726190
424 913 474.412061
424 652 80.238384
424 563 722.703697
425 880 351.120861
426 959 890.582237
427 981 197.707064
428 626 582.784299
432 612 281.652969
437 592 852.284855
443 652 656.419040
444 491 199.870066
444 463 29.847942
448 959 931.033237
451 746 63.547395
452 980 238.882842
452 959 546.880657
453 632 665.211106
454 837 736.470957
456 676 545.135847
457 668 45.076587
457 544 346.472309
457 508 789.343312
458 727 654.339016
462 571 88.346000
463 486 363.986654
464 990 508.939729
466 874 194.386812
470 607 240.430177
471 729 171.350923
475 585 304.718852
476 628 865.044963
477 695 179.625203
478 972 622.827227
479 880 554.883599
480 918 637.288318
483 946 927.790346
484 988 827.852413
486 632 446.769843
488 981 137.315457
492 773 668.568758
494 836 665.449456
494 575 475.729004
497 590 807.674856
500 793 774.879991
501 602 944.822240
502 969 294.869195
502 648 628.410145
504 615 802.563521
507 955 308.432468
509 935 188.046047
511 658 785.605506
517 971 114.404277
517 746 583.342433
518 838 880.662754
523 647 36.598703
527 802 7.856010
529 913 978.964725
531 628 383.832171
532 625 393.566677
536 708 417.752741
536 672 445.234382
537 747 439.669473
541 833 188.754749
542 685 724.987896
546 754 42.294790
547 823 406.172194
548 851 855.755316
549 767 187.535993
551 767 886.946647
556 994 123.942052
561 917 259.793267
563 896 643.309245
564 714 646.437945
567 669 732.154584
569 932 754.183589
573 877 137.024200
573 736 139.297145
578 967 632.350081
578 732 778.311139
579 669 231.488783
580 960 779.044087
580 707 957.462564
581 854 323.905716
588 938 400.717140
589 790 731.796039
591 600 189.457106
596 770 972.410110
597 899 164.334158
601 623 806.220625
602 842 877.412453
603 858 123.721089
604 743 417.469355
606 906 592.796844
610 923 423.296197
611 654 317.385954
612 998 260.905398
614 656 56.420539
616 760 293.023318
620 728 962.013526
622 881 240.345318
626 781 14.842836
630 875 629.073690
631 659 161.612073
639 908 126.035762
642 950 825.489047
651 838 62.765906
652 912 158.894394
654 745 962.931115
655 858 982.329932
657 912 882.428113
659 967 559.918172
659 904 187.174026
676 897 759.700435
683 754 224.071083
685 989 3.268732
685 747 992.720575
687 757 411.788980
690 947 282.980857
691 937 178.529902
693 730 524.946790
697 813 916.099743
698 715 262.441896
703 939 263.761509
707 886 271.221141
714 763 171.947050
715 942 877.220565
724 987 266.782115
724 905 491.374048
725 799 858.018506
730 942 842.971269
736 901 975.473161
736 761 474.872391
738 742 728.319804
742 884 508.991570
742 827 973.844506
743 914 556.038500
745 854 492.576663
746 806 434.688171
747 997 759.952129
748 799 543.860474
752 887 139.829109
756 998 258.691948
756 941 659.661746
760 800 317.983991
767 906 819.186626
767 848 148.661041
773 866 648.624615
776 964 782.950498
780 971 444.652218
780 892 197.228852
781 866 430.061077
783 857 339.874255
788 794 268.961353
795 907 730.918375
796 962 306.355740
800 827 371.269853
804 987 803.506511
807 943 16.732416
812 829 565.081477
815 883 450.182629
816 821 618.604313
823 827 811.441272
824 982 575.723183
851 861 881.837117
859 969 11.206871
865 946 43.751651
866 970 389.949037
868 912 264.206119
879 939 714.144490
890 939 81.135014
966 976 202.149926
985 992 408.272212
