1000
179.153513 179.206177 179.868972
642.282688 642.727236 642.432882
751.643468 751.814745 751.826009
209.684308 209.489099 209.718829
112.268075 112.218949 112.664629
770.614346 770.556048 770.246687
377.680049 377.600533 377.349440
966.290042 966.693559 966.622534
254.638319 254.881220 254.592021
166.778184 166.541011 166.785982
785.442499 785.604389 785.385353
717.697055 717.431200 717.764333
555.787646 555.357785 555.336994
131.828995 131.261437 131.895116
282.429104 282.616030 282.430298
114.402724 114.135768 114.786927
182.730268 182.781295 182.457041
831.893530 831.250266 831.411029
988.697940 988.486630 988.282666
561.318533 561.118712 561.889838
799.843622 799.445233 799.680913
211.211950 211.106521 211.357284
183.891480 183.404967 183.583960
370.104629 370.405960 370.518148
170.826884 170.822420 170.841692
628.180414 628.555574 628.582488
969.232850 969.875604 969.519452
363.189252 363.709321 363.510838
782.127592 782.685060 782.893608
977.219955 977.131510 977.207508
721.820346 721.423982 721.348852
225.183932 225.505682 225.601407
229.877474 229.295656 229.866241
165.523705 165.391314 165.732346
55.242195 55.517873 55.836793
487.465340 487.886317 487.211206
213.610073 213.108948 213.668609
296.632801 296.730655 296.524603
468.283480 468.256334 468.152634
537.166493 537.882113 537.139541
246.724332 246.258648 246.449913
987.590432 987.224812 987.231792
144.458137 144.670252 144.211601
685.489138 685.887619 685.211410
477.252402 477.244823 477.581918
959.310359 959.603445 959.674824
344.809411 344.858096 344.598700
21.131373 21.388545 21.854580
689.495438 689.218861 689.105596
274.144066 274.639797 274.481655
481.415549 481.379854 481.107414
817.135278 817.867289 817.620881
431.448130 431.457821 431.799910
62.492647 62.304520 62.876117
632.686162 632.734560 632.569201
892.873437 892.360989 892.516598
405.777965 405.162671 405.576452
763.172284 763.278652 763.402225
621.786025 621.335550 621.879721
941.319236 941.504147 941.325345
695.684062 695.510610 695.467662
945.191408 945.277126 945.778968
715.332996 715.630201 715.234332
617.275483 617.370829 617.450455
15.867648 15.191210 15.584379
736.746702 736.756595 736.422081
939.312246 939.678855 939.831171
605.603705 605.131329 605.572360
908.649630 908.677182 908.537235
600.856145 600.669488 600.616507
806.148669 806.142581 806.343938
342.238270 342.554842 342.516266
45.385618 45.857442 45.365359
903.252134 903.655883 903.198697
309.335814 309.366677 309.220743
638.504726 638.490248 638.604965
334.258202 334.182866 334.443443
57.573773 57.471011 57.629568
552.456469 552.896060 552.609753
542.741305 542.376569 542.265616
128.278581 128.661265 128.683249
904.787113 904.510286 904.389762
301.214631 301.467159 301.215141
544.441255 544.557572 544.448515
97.118481 97.392318 97.558157
729.383042 729.596056 729.498295
223.128146 223.283587 223.616272
608.519097 608.429676 608.540675
71.801937 71.522697 71.185109
866.342321 866.837764 866.805077
202.177612 202.562681 202.423685
922.172899 922.193073 922.492144
796.184109 796.382098 796.754419
653.169774 653.870351 653.350980
861.111975 861.464945 861.891785
232.639185 232.482105 232.202055
87.827056 87.849112 87.373921
279.701463 279.429998 279.737859
995.245076 995.617702 995.231905
652.636893 652.218462 652.551453
523.810527 523.664140 523.559279
343.515848 343.699894 343.515834
888.391313 888.593089 888.857276
218.356738 218.834374 218.232752
731.534925 731.831423 731.162373
972.249718 972.189670 972.643922
70.841259 70.563215 70.854001
965.547423 965.147039 965.114970
267.830169 267.251101 267.545893
556.685695 556.795143 556.452197
907.727633 907.743971 907.523515
989.570694 989.664454 989.466390
838.890413 838.116989 838.399553
660.753272 660.590261 660.417524
255.524284 255.356157 255.484276
18.369932 18.854376 18.130201
259.819495 259.490773 259.185495
918.288017 918.890138 918.145858
498.122047 498.160042 498.709850
82.462757 82.263645 82.328106
644.688604 644.615565 644.512947
844.841031 844.221655 844.764208
338.376100 338.289978 338.371699
581.613112 581.889808 581.358408
603.451210 603.425550 603.120919
863.880801 863.394483 863.168842
990.419051 990.461731 990.557788
12.349967 12.194612 12.401197
793.269391 793.328714 793.223036
665.229612 665.590907 665.759676
348.738665 348.221169 348.477587
503.530163 503.661078 503.656023
698.556325 698.514176 698.732124
519.245495 519.106348 519.501430
176.578270 176.640404 176.356331
716.234718 716.236704 716.416616
804.555458 804.259715 804.194315
180.794014 180.133061 180.791392
818.459657 818.258652 818.511877
791.148456 791.728495 791.185871
99.318716 99.608847 99.385311
842.712368 842.773737 842.810052
809.403926 809.734618 809.468674
257.251100 257.281329 257.448158
438.477791 438.428905 438.896859
662.360634 662.365725 662.471759
308.632424 308.459842 308.652774
169.703291 169.426954 169.740501
650.224144 650.840676 650.683144
392.742086 392.616895 392.461133
485.717253 485.356281 485.603490
119.550583 119.197666 119.468685
336.613819 336.138731 336.480849
126.415832 126.137437 126.256586
746.504318 746.193707 746.139012
547.887535 547.281696 547.495264
509.311328 509.248382 509.315678
155.543812 155.165565 155.354479
899.790488 899.291642 899.552484
841.401340 841.176746 841.128641
66.353835 66.285432 66.315742
545.211260 545.832238 545.798049
286.169263 286.885510 286.671722
387.328923 387.192050 387.425807
171.226863 171.808467 171.894562
630.783839 630.797870 630.852041
570.395716 570.524371 570.411112
84.308995 84.334397 84.634296
640.143056 640.334633 640.814427
795.698757 795.767525 795.148800
107.685917 107.433516 107.202992
574.797704 574.564743 574.538665
304.728345 304.195004 304.318644
139.311039 139.371777 139.392217
869.208972 869.233364 869.779032
326.504843 326.634990 326.157540
992.268621 992.772765 992.837406
17.622029 17.383281 17.495493
777.728236 777.559196 777.720279
465.856525 465.107034 465.406300
31.545661 31.702749 31.306285
242.843527 242.817982 242.168707
428.558692 428.290113 428.107944
606.287380 606.173160 606.544098
722.133107 722.328875 722.688078
667.762382 667.292419 667.118266
33.549434 33.817194 33.488862
415.457231 415.426287 415.257295
374.624659 374.727969 374.178919
156.249697 156.153636 156.320171
875.710193 875.279853 875.682181
725.199387 725.175997 725.142203
932.593603 932.656257 932.685069
44.532090 44.110563 44.673493
312.607262 312.625933 312.169864
508.501478 508.586826 508.370126
567.202599 567.408582 567.873298
252.890654 252.504416 252.300261
582.142935 582.210446 582.653028
199.632797 199.567025 199.772184
105.292738 105.862654 105.345413
16.592060 16.857040 16.708946
347.579562 347.745069 347.287609
281.635044 281.815363 281.547643
935.126090 935.687318 935.620721
89.574667 89.867086 89.125645
332.634002 332.188993 332.377577
147.159321 147.245601 147.106567
459.664913 459.713003 459.367985
476.477634 476.362893 476.323436
253.159361 253.549997 253.464752
915.200223 915.860543 915.371388
985.848810 985.507438 985.323743
177.464252 177.738759 177.563041
59.176047 59.120565 59.394320
24.250057 24.364666 24.828843
190.237671 190.683274 190.705984
76.808461 76.592819 76.855601
940.329714 940.265175 940.641987
453.130458 453.420126 453.591877
950.760472 950.791053 950.429061
160.495466 160.201191 160.299978
228.744722 228.687113 228.347559
614.106823 614.627732 614.650409
132.486265 132.772758 132.232118
909.264715 909.567670 909.728877
123.375950 123.880639 123.486933
120.396602 120.245275 120.757679
504.451870 504.468512 504.344312
11.826059 11.330242 11.375251
566.650403 566.209737 566.190620
447.344728 447.712559 447.438156
191.129063 191.518980 191.865908
412.210812 412.503053 412.413673
524.180040 524.137960 524.854526
3.324797 3.141038 3.815047
106.176872 106.415035 106.710674
462.720078 462.694972 462.446532
994.507828 994.668893 994.624467
56.507554 56.889333 56.761167
275.871985 275.442766 275.680470
658.407043 658.358530 658.579228
330.852314 330.507576 330.228561
778.290431 778.620120 778.327549
319.187118 319.515438 319.122651
876.434868 876.522174 876.619945
382.706235 382.461767 382.574052
916.763394 916.512875 916.524705
705.138841 705.386811 705.801722
510.240859 510.553132 510.706236
88.641862 88.760068 88.826314
61.859482 61.231108 61.419181
471.832805 471.614533 471.556238
773.567044 773.838565 773.623686
365.836870 365.848304 365.352225
241.414986 241.278798 241.586603
13.805554 13.419409 13.442236
36.866932 36.700860 36.110217
978.361818 978.150874 978.772753
276.256061 276.630011 276.680471
23.707821 23.544065 23.468602
710.480997 710.308344 710.505325
292.602701 292.365444 292.238782
310.313319 310.773918 310.532845
490.545007 490.578318 490.290243
269.491490 269.412891 269.225718
455.666057 455.863280 455.336413
684.419180 684.514583 684.252100
121.552987 121.868926 121.557270
672.458101 672.654546 672.427730
707.294496 707.447717 707.526667
391.772739 391.810660 391.899365
669.310432 669.104224 669.742913
205.713267 205.410965 205.473822
880.323340 880.110433 880.294513
579.877844 579.463292 579.891132
991.617258 991.242376 991.222738
730.754812 730.111077 730.638391
588.105051 588.297245 588.779367
828.797989 828.730427 828.512785
325.451023 325.402416 325.212025
783.472626 783.352105 783.832172
850.202727 850.306338 850.870798
460.712137 460.191276 460.689440
493.387328 493.288652 493.821707
497.810841 497.112785 497.283167
974.362914 974.139073 974.426993
244.431223 244.227270 244.785965
516.367986 516.875232 516.201443
862.159519 862.474688 862.411830
663.812086 663.435499 663.442110
676.332712 676.258550 676.153711
611.339352 611.157120 611.264641
610.622845 610.899307 610.399747
158.672266 158.591383 158.239163
700.604950 700.454869 700.702889
714.841883 714.591360 714.747521
928.726934 928.431434 928.762615
655.384178 655.658611 655.169628
153.248642 153.653172 153.641858
404.540995 404.282549 404.542620
264.210947 264.674531 264.827919
664.263066 664.306730 664.201065
874.143307 874.530890 874.768812
926.833553 926.478914 926.531969
491.837889 491.893867 491.570096
435.385936 435.875186 435.118270
238.859770 238.486004 238.493997
2.764370 2.125947 2.555587
133.262483 133.248708 133.212757
741.611597 741.694377 741.299899
708.697888 708.104042 708.140843
79.207018 79.199331 79.226851
839.503197 839.426855 839.613078
108.344073 108.725918 108.237172
775.383014 775.688159 775.172075
475.171334 475.169955 475.424650
857.349133 857.701371 857.325413
385.274744 385.630012 385.760816
92.704346 92.231138 92.272407
535.374667 535.449533 535.426098
515.618132 515.853772 515.447505
681.166216 681.754651 681.201224
444.256236 444.229300 444.250510
414.814610 414.548321 414.194624
37.844026 37.618801 37.556621
355.818841 355.547121 355.362748
534.420141 534.631469 534.670005
28.413433 28.816336 28.314750
532.244960 532.640903 532.867905
162.748715 162.266650 162.802300
452.195647 452.864214 452.723393
1.183592 1.382658 1.423908
742.673970 742.578154 742.264429
511.648709 511.248125 511.234684
396.640938 396.335799 396.378984
214.374486 214.185934 214.387176
60.369169 60.637373 60.860677
637.712165 637.409834 637.149391
443.455912 443.768484 443.485090
592.453814 592.233136 592.301922
194.769923 194.808711 194.636282
314.133893 314.330443 314.367726
429.751258 429.333081 429.259636
440.645371 440.221787 440.229776
91.491584 91.668381 91.108762
427.427966 427.767205 427.117809
277.520625 277.560180 277.831572
711.283885 711.568738 711.212761
145.854257 145.842369 145.605886
502.265089 502.373751 502.467371
771.759177 771.298160 771.374177
398.792019 398.243085 398.566590
327.877557 327.678253 327.604741
618.315344 618.789927 618.780132
271.808381 271.436720 271.694060
949.829301 949.561339 949.263886
400.518337 400.467440 400.492713
690.445255 690.751904 690.655444
198.166051 198.398327 198.882925
419.142967 419.251692 419.190367
376.681989 376.864458 376.126957
181.735706 181.259924 181.699859
953.709406 953.617821 953.314457
816.691340 816.164201 816.753857
602.249288 602.318708 602.839844
738.635716 738.121598 738.661343
835.126794 835.518639 835.862866
261.163655 261.886197 261.792285
375.429764 375.664839 375.127223
585.488873 585.850084 585.752012
712.804894 712.439227 712.173986
86.871455 86.724910 86.566099
867.433566 867.286897 867.606448
484.399637 484.284947 484.533535
810.184839 810.890673 810.133197
333.245053 333.899568 333.393564
551.831755 551.254755 551.333184
90.701518 90.390733 90.166235
350.681778 350.841906 350.669185
417.845934 417.395168 417.230726
895.439194 895.373410 895.768550
317.143264 317.547201 317.296132
113.743637 113.710714 113.403375
68.744570 68.217999 68.296063
372.887840 372.604705 372.340134
891.492408 891.846954 891.372682
643.751889 643.699527 643.701457
694.531962 694.121472 694.480044
668.631204 668.599462 668.376796
760.510479 760.484023 760.244831
32.500242 32.209372 32.844797
973.847406 973.857143 973.247506
858.692870 858.791467 858.449993
283.200015 283.713398 283.859147
616.631385 616.518817 616.754897
494.707433 494.588289 494.206654
482.871787 482.694977 482.442025
47.481678 47.768400 47.685020
513.617797 513.843377 513.269513
81.377648 81.842527 81.312762
529.386280 529.610228 529.778439
527.367011 527.589364 527.177071
270.576984 270.373065 270.707863
830.656361 830.265297 830.722780
726.333719 726.310715 726.278907
315.352537 315.768433 315.153820
233.346508 233.510251 233.385641
260.860173 260.582145 260.331397
421.557984 421.273856 421.866418
827.277109 827.370769 827.354132
72.321118 72.115343 72.389629
917.664502 917.340508 917.368676
930.486320 930.710816 930.889521
149.558796 149.884430 149.147488
897.590654 897.622407 897.821996
631.706441 631.683894 631.287591
302.637383 302.169860 302.480586
495.340968 495.405542 495.462936
378.103505 378.518136 378.182281
635.487517 635.804814 635.644413
713.572243 713.132563 713.244773
914.710461 914.276760 914.421907
962.736514 962.694178 962.697687
354.320142 354.294267 354.802858
448.151474 448.290350 448.767061
74.773517 74.821941 74.892291
802.561490 802.788762 802.440576
533.760862 533.551430 533.632045
756.385805 756.808790 756.637393
94.744806 94.292520 94.867685
401.143775 401.340179 401.403373
219.508542 219.618682 219.621851
779.744064 779.392784 779.373118
208.701383 208.756302 208.251804
488.147258 488.526682 488.539510
797.724443 797.180441 797.388275
781.653415 781.766307 781.227327
853.819795 853.657012 853.323253
790.219289 790.175080 790.319564
322.740711 322.828139 322.511051
64.437692 64.535682 64.708536
651.138571 651.835773 651.724217
293.132998 293.465460 293.852180
868.658979 868.879767 868.497915
925.562166 925.615519 925.119094
769.672664 769.145569 769.662664
420.566756 420.466418 420.506505
235.664985 235.390938 235.449395
422.789392 422.384668 422.469471
970.807674 970.449849 970.883369
718.323722 718.229088 718.768374
812.525320 812.127783 812.534937
964.181930 964.279487 964.219536
789.746171 789.568351 789.312433
877.339945 877.855740 877.806842
303.776165 303.202858 303.846046
623.534015 623.367514 623.843747
849.489649 849.627778 849.787581
937.577153 937.179129 937.343051
593.206842 593.181075 593.518904
352.288041 352.769008 352.244867
101.410596 101.801949 101.444424
625.193324 625.433362 625.802915
10.321980 10.246650 10.892593
340.560270 340.171956 340.178990
436.737341 436.442247 436.839540
798.123972 798.599062 798.212562
39.519151 39.475868 39.205552
295.591090 295.661392 295.539093
803.432422 803.158152 803.669289
905.683782 905.849480 905.663172
287.749734 287.506135 287.331902
538.243565 538.115346 538.504274
383.146369 383.575589 383.368008
938.449630 938.806063 938.674485
386.301967 386.412001 386.725273
266.287245 266.100001 266.364564
837.636281 837.218999 837.569127
349.210364 349.381635 349.597229
878.846394 878.614719 878.786609
216.421432 216.578786 216.586199
921.772543 921.602475 921.354631
549.531350 549.440917 549.812237
865.648963 865.813369 865.624675
40.874406 40.397191 40.776928
691.252567 691.818120 691.510095
395.780122 395.133832 395.866983
607.752013 607.595558 607.139860
168.564127 168.878977 168.590322
647.453230 647.305679 647.507470
584.850208 584.214687 584.773860
589.588771 589.275089 589.342659
272.700667 272.782654 272.670911
407.223933 407.269821 407.476974
362.844385 362.105014 362.225982
69.546939 69.294046 69.316628
580.302000 580.759008 580.515504
226.782073 226.827113 226.280193
148.478426 148.673391 148.675712
609.483427 609.143162 609.630259
843.336967 843.401972 843.857544
649.207586 649.797620 649.448511
500.404750 500.490559 500.507850
732.783777 732.864530 732.391248
998.700893 998.428916 998.748205
103.591766 103.638746 103.559087
546.537358 546.215203 546.513151
346.198714 346.173710 346.271320
222.208181 222.573513 222.607323
733.571855 733.171623 733.292366
911.630422 911.501978 911.300357
641.895097 641.141073 641.598322
963.767473 963.503584 963.415509
748.356250 748.755031 748.567540
686.250004 686.320331 686.369960
572.220638 572.394620 572.805004
152.213781 152.407792 152.621022
221.750897 221.387125 221.523190
845.359746 845.248450 845.382847
318.434344 318.279625 318.655974
399.735961 399.803729 399.153168
531.842272 531.338810 531.821563
364.134013 364.129463 364.705104
22.406624 22.638511 22.149192
961.803306 961.866375 961.676167
693.209560 693.602292 693.865461
910.717199 910.239124 910.318413
67.215003 67.759205 67.686753
380.852967 380.743062 380.309027
461.881149 461.599325 461.482319
801.475619 801.612979 801.584488
390.563711 390.439545 390.525438
273.197368 273.528850 273.707123
855.641547 855.857789 855.593358
720.415021 720.240096 720.680114
745.392953 745.347006 745.282417
586.451581 586.880958 586.480567
224.696756 224.558073 224.702206
696.795473 696.660614 696.687993
805.899869 805.858472 805.861840
104.325054 104.483552 104.751606
129.602631 129.311847 129.780916
371.630865 371.660320 371.335120
536.282964 536.615102 536.450177
761.642111 761.227490 761.159576
449.148333 449.676084 449.147224
661.536416 661.628832 661.353298
507.318311 507.564779 507.310084
227.468272 227.430375 227.413184
38.304400 38.132234 38.472957
565.413409 565.424042 565.295477
583.847939 583.316983 583.309117
331.748883 331.348282 331.449439
403.504273 403.498403 403.683531
231.215994 231.373923 231.528541
373.213822 373.693956 373.149456
19.716259 19.240505 19.477689
49.511255 49.591951 49.293122
117.310418 117.191295 117.598132
787.698342 787.533856 787.299530
250.191373 250.245902 250.203482
548.127076 548.425261 548.510611
879.444309 879.723691 879.119972
942.811232 942.197751 942.881602
313.187847 313.502098 313.272722
98.392402 98.134180 98.418224
675.473036 675.859310 675.660866
0.699162 0.670071 0.604079
740.873206 740.259452 740.368476
646.644069 646.493515 646.197636
172.621371 172.657182 172.261212
709.530012 709.603395 709.150457
480.458636 480.447049 480.392882
927.458258 927.243416 927.772477
512.250426 512.413214 512.508434
393.416138 393.663264 393.136722
141.218145 141.372088 141.262103
195.692398 195.800699 195.866317
130.171316 130.608449 130.126190
896.303837 896.237936 896.275301
52.173411 52.556936 52.876259
901.362854 901.881944 901.760176
578.194792 578.567646 578.583719
540.794096 540.289337 540.285903
946.712129 946.322310 946.499839
871.570850 871.286516 871.727820
185.891989 185.330035 185.684695
633.872291 633.368575 633.836715
351.760769 351.630738 351.590025
820.851772 820.647417 820.337168
445.386918 445.515236 445.225696
321.740706 321.320877 321.785118
96.452382 96.465262 96.609044
381.471114 381.473927 381.869347
528.133233 528.464733 528.772091
298.636425 298.361695 298.603390
454.515547 454.576362 454.721177
483.322997 483.556633 483.420106
193.285963 193.340727 193.252171
530.787710 530.171401 530.125647
692.353791 692.146341 692.722848
673.829860 673.566632 673.763229
750.374992 750.303148 750.231632
161.886047 161.152869 161.494509
780.506728 780.107130 780.829167
599.613486 599.189585 599.239418
889.277922 889.137398 889.680967
833.528235 833.147493 833.604064
473.761656 473.878081 473.176640
65.417043 65.677878 65.326408
451.508049 451.692879 451.738929
366.299618 366.899734 366.898060
569.795646 569.407413 569.324156
463.543471 463.725430 463.766658
882.414035 882.243917 882.727065
478.540366 478.428303 478.738252
290.844133 290.301296 290.607389
7.426241 7.686547 7.647903
335.501794 335.533889 335.745859
824.759171 824.714651 824.307111
836.349437 836.841891 836.298357
626.775061 626.164747 626.421732
187.163639 187.372556 187.263859
788.518622 788.724287 788.819650
245.374937 245.792255 245.276903
735.704499 735.522876 735.211365
249.401720 249.872333 249.140678
563.261469 563.197265 563.691168
766.566822 766.211694 766.627006
109.662298 109.144634 109.746020
955.767552 955.795435 955.642619
944.186206 944.251036 944.191649
934.867538 934.225153 934.105202
657.799574 657.755910 657.768822
368.817602 368.732841 368.387518
887.484471 887.646696 887.342557
553.622085 553.705270 553.747184
425.309766 425.787588 425.451406
954.675903 954.704027 954.465493
215.847609 215.799202 215.698141
207.554205 207.690251 207.753477
559.304721 559.441104 559.500071
14.720601 14.460242 14.374558
666.299240 666.392845 666.262356
514.373821 514.395247 514.638024
859.253596 859.381116 859.177770
525.718064 525.656093 525.808298
913.611763 913.389647 913.811621
936.145184 936.620871 936.199635
960.474245 960.463917 960.565878
808.291363 808.790996 808.123441
834.719683 834.806664 834.418715
237.546586 237.641282 237.706883
4.140833 4.832322 4.247047
885.182345 885.871882 885.764643
63.468906 63.166980 63.576281
872.562635 872.346035 872.302508
674.371970 674.729698 674.169959
458.797852 458.664670 458.591900
622.150666 622.381610 622.286129
848.190096 848.224580 848.460726
597.522398 597.495763 597.667085
430.841625 430.799836 430.626054
359.887945 359.274426 359.684331
384.195825 384.300249 384.195977
704.558797 704.602749 704.391112
27.817940 27.546404 27.360375
754.443848 754.111519 754.296680
6.765831 6.224566 6.129969
426.467061 426.821271 426.622641
784.196312 784.321375 784.597194
201.211703 201.733759 201.174438
416.133683 416.271235 416.860905
111.723652 111.699590 111.158334
135.272117 135.494284 135.133814
307.601686 307.723417 307.391080
568.736492 568.202692 568.783052
192.728922 192.349248 192.747204
167.198355 167.306711 167.898939
409.261557 409.797801 409.523788
951.502458 951.210289 951.833208
819.483098 819.562578 819.346495
719.364564 719.659100 719.471769
627.629959 627.340231 627.692562
996.468819 996.140544 996.236763
764.726457 764.622500 764.413744
320.307861 320.728757 320.796569
51.493735 51.458504 51.533165
768.160924 768.507270 768.553633
446.405188 446.352577 446.567943
854.777339 854.598043 854.444909
813.865896 813.460205 813.593089
134.649416 134.828033 134.496120
501.594993 501.428447 501.501717
620.486278 620.896199 620.822601
323.810575 323.115986 323.113149
654.771231 654.658955 654.866545
188.626680 188.735747 188.566745
767.304215 767.536511 767.462195
80.423647 80.140590 80.690066
979.277825 979.283724 979.748358
554.439131 554.246525 554.404756
136.123324 136.810116 136.171250
727.650335 727.107770 727.610107
83.752386 83.460880 83.712355
360.585174 360.856204 360.626237
670.687280 670.757496 670.433173
291.155057 291.836340 291.522752
757.424817 757.735189 757.756709
78.810955 78.552392 78.832805
184.567983 184.484111 184.822475
759.538299 759.209031 759.841682
697.265433 697.864330 697.503392
557.298846 557.782678 557.633893
758.870759 758.191438 758.611740
34.118036 34.167251 34.753528
852.109743 852.420045 852.821281
794.201563 794.425026 794.444411
305.537989 305.686094 305.880036
234.862780 234.307007 234.843714
450.378273 450.421455 450.269012
100.344361 100.410365 100.676043
832.696991 832.781411 832.524599
173.523672 173.226919 173.576504
898.833211 898.113720 898.515086
358.510358 358.164062 358.402696
285.388793 285.729449 285.141711
151.851678 151.294530 151.762669
683.555951 683.242613 683.422402
883.616543 883.218382 883.153901
265.702969 265.298815 265.284076
43.143228 43.892528 43.606242
73.297235 73.484249 73.456609
433.784019 433.550279 433.700324
163.469737 163.415292 163.555472
110.147608 110.388994 110.256385
140.191955 140.443093 140.100666
902.635535 902.855381 902.221165
469.775381 469.821246 469.765637
196.477093 196.608008 196.774621
576.130874 576.628555 576.172444
240.273570 240.162803 240.312679
723.207093 723.801118 723.720642
220.327371 220.275175 220.516669
958.725328 958.674144 958.213486
604.870114 604.741509 604.152203
35.846879 35.591866 35.185843
186.707308 186.808305 186.425099
418.422908 418.890135 418.292566
822.631145 822.213570 822.731244
521.267409 521.795916 521.302687
811.840832 811.466293 811.646175
786.514574 786.705619 786.640333
434.360817 434.665420 434.230682
656.701938 656.402680 656.563143
851.881102 851.607677 851.147544
200.405719 200.704696 200.555458
369.320298 369.720786 369.561944
256.701186 256.180489 256.642924
800.256055 800.564523 800.755993
807.803088 807.767024 807.424379
337.671359 337.116289 337.259102
25.524615 25.332315 25.120053
456.791753 456.368468 456.588991
517.565285 517.293542 517.666222
388.578363 388.195555 388.843943
157.665699 157.212957 157.465772
573.206536 573.556090 573.102269
847.520969 847.234167 847.443737
984.521817 984.124988 984.637248
753.207796 753.653934 753.654173
411.707439 411.459913 411.331408
591.195407 591.190201 591.191475
150.851012 150.176385 150.490581
118.413410 118.435369 118.424051
706.506503 706.282284 706.562337
999.883559 999.899609 999.512659
814.635185 814.115663 814.752804
432.414548 432.347213 432.284578
590.579903 590.477089 590.201667
206.679584 206.788058 206.181830
466.292939 466.798786 466.674768
612.146060 612.306408 612.483349
248.807724 248.665004 248.577200
743.165218 743.250010 743.336052
137.279909 137.490565 137.419105
486.241903 486.733915 486.866383
562.551716 562.475180 562.885898
46.471461 46.824375 46.166219
489.785509 489.219682 489.743194
42.198432 42.443094 42.689049
230.599325 230.523027 230.241416
594.415959 594.131284 594.633591
58.358793 58.509310 58.702369
505.558524 505.709480 505.649854
53.762460 53.600164 53.868787
492.845303 492.865654 492.365074
947.811764 947.799463 947.578969
924.240258 924.515297 924.158552
699.599353 699.109614 699.850985
943.596301 943.283498 943.866497
8.571095 8.534708 8.446327
284.807139 284.757464 284.598945
929.772792 929.256686 929.117469
353.704307 353.384855 353.844761
543.709210 543.237431 543.717046
550.645852 550.335013 550.201574
251.404052 251.560888 251.382279
701.360393 701.607435 701.621008
441.371424 441.569917 441.587597
971.473552 971.353155 971.849744
124.679325 124.383363 124.522701
439.485734 439.280163 439.329940
423.303065 423.515747 423.476798
744.357585 744.542507 744.659541
175.745924 175.762220 175.715319
682.228221 682.312752 682.755770
752.843367 752.588716 752.504163
394.684146 394.759089 394.336971
648.502621 648.710406 648.897718
677.495068 677.120932 677.346130
856.124395 856.280402 856.191245
639.187214 639.450793 639.116558
587.524025 587.202452 587.311721
77.224202 77.707822 77.714806
9.286130 9.447488 9.322521
739.474911 739.404640 739.357399
410.314725 410.416138 410.891229
596.141831 596.871738 596.564633
762.568121 762.170857 762.648291
197.802193 197.671647 197.247178
54.468703 54.232254 54.879350
464.235348 464.340977 464.443020
931.338973 931.583358 931.591996
776.201230 776.354981 776.283769
41.792147 41.842852 41.579676
85.301286 85.816449 85.873280
397.466212 397.564722 397.471035
728.514668 728.331492 728.739195
541.819742 541.231609 541.524713
560.216958 560.186956 560.735083
967.254972 967.839918 967.241863
923.328637 923.704836 923.781791
619.756018 619.373354 619.823294
680.633042 680.649848 680.707312
671.204804 671.393912 671.162005
20.138780 20.462485 20.624339
402.143140 402.182265 402.120268
894.754403 894.291065 894.796669
864.304054 864.271822 864.666886
571.230800 571.742904 571.429823
772.818753 772.766281 772.445034
982.630389 982.714668 982.641032
204.176986 204.618567 204.573123
518.775369 518.695020 518.353047
127.580448 127.347854 127.347881
920.554130 920.872053 920.752653
829.409866 829.313525 829.175363
278.166518 278.838508 278.424968
906.552333 906.253317 906.801108
467.781930 467.358482 467.387964
956.646520 956.607564 956.864929
212.286388 212.184133 212.819965
470.243365 470.633384 470.856913
102.419358 102.606295 102.575562
860.141177 860.483843 860.384108
93.132451 93.883525 93.633288
893.700502 893.877532 893.634980
539.115656 539.401627 539.214502
564.108653 564.536396 564.837693
268.378328 268.493396 268.634945
659.404761 659.466117 659.476848
629.860545 629.411592 629.855842
154.432210 154.211308 154.412110
413.231079 413.107326 413.812076
986.422842 986.104858 986.200282
48.138299 48.172801 48.717254
424.215141 424.430357 424.125119
983.374311 983.662074 983.598175
613.885904 613.657618 613.808900
890.297894 890.360739 890.691399
749.117593 749.329942 749.872180
239.307329 239.463478 239.689652
143.345380 143.120836 143.283569
615.159026 615.331437 615.681738
406.744948 406.703609 406.812251
870.286742 870.274541 870.362875
297.404523 297.580389 297.130738
262.445934 262.876851 262.396701
499.561557 499.845551 499.829532
624.442915 624.374336 624.571479
678.513333 678.652136 678.845593
75.582052 75.338984 75.670169
324.183297 324.149879 324.343592
997.569101 997.630976 997.361575
595.289819 595.520157 595.583675
138.527790 138.669145 138.180370
975.482450 975.586496 975.474032
826.423252 826.335491 826.386843
702.770489 702.861226 702.667349
329.829664 329.299715 329.399804
116.499743 116.405379 116.264616
299.806834 299.467969 299.877505
30.821323 30.671376 30.817741
142.213262 142.758353 142.134861
558.694110 558.809754 558.159154
948.254816 948.349093 948.485031
178.463191 178.402887 178.542018
29.443634 29.632595 29.455255
164.211595 164.747502 164.666780
634.816038 634.711490 634.311051
886.764526 886.406750 886.386817
125.566252 125.537694 125.751207
645.899656 645.203082 645.417760
5.630968 5.309821 5.624412
774.869270 774.665022 774.346186
506.121460 506.653938 506.297299
339.260466 339.219642 339.571414
912.490598 912.237513 912.255738
146.888071 146.865692 146.516002
980.697277 980.191398 980.298207
679.790129 679.862568 679.849816
747.826399 747.219316 747.545942
825.611975 825.544151 825.322643
496.844458 496.547445 496.296851
122.611321 122.237002 122.676218
526.265569 526.124079 526.783529
280.827181 280.106982 280.210924
846.322612 846.497887 846.324738
884.313533 884.261689 884.584791
189.268698 189.789260 189.672923
437.459982 437.770213 437.706746
577.221494 577.731154 577.481027
311.492120 311.888549 311.100004
367.636076 367.322483 367.323456
316.332573 316.845515 316.472715
737.125608 737.506930 737.429851
50.616808 50.566357 50.590313
993.809653 993.247076 993.599480
236.366393 236.273011 236.376508
247.200840 247.705234 247.191196
821.884969 821.588249 821.703461
919.725253 919.254853 919.613528
356.151430 356.645834 356.436458
258.342295 258.189052 258.213162
328.273690 328.212597 328.784366
933.185747 933.884894 933.489905
755.203388 755.404472 755.543685
765.123137 765.725889 765.718216
952.727803 952.121521 952.130959
457.459696 457.613196 457.401550
815.729500 815.115532 815.711276
300.507242 300.412102 300.278801
703.593337 703.170786 703.369641
289.206274 289.374115 289.600407
294.892146 294.372598 294.709644
688.549846 688.328732 688.143028
306.177083 306.418895 306.710691
840.578560 840.183217 840.778375
981.680645 981.564950 981.551363
95.479102 95.493806 95.784134
379.391023 379.738433 379.803067
968.119364 968.665245 968.816007
472.415124 472.434610 472.351210
389.660644 389.486578 389.682376
575.735397 575.878152 575.862707
601.157812 601.764894 601.706708
881.586215 881.581282 881.481030
724.351866 724.743002 724.412002
792.275783 792.756087 792.770931
210.556492 210.794818 210.523525
341.688832 341.820840 341.427273
522.402093 522.146342 522.615902
823.266082 823.179466 823.291448
159.447978 159.250179 159.223593
361.354360 361.716973 361.356974
598.734119 598.500814 598.864329
203.824815 203.748644 203.664413
243.145582 243.264490 243.578958
217.503262 217.232991 217.376450
976.497420 976.776538 976.267590
636.390432 636.679875 636.709161
115.254330 115.328506 115.749581
687.303716 687.715399 687.390892
174.179144 174.338515 174.424006
442.271334 442.884465 442.834811
479.592999 479.303684 479.659498
288.681306 288.572652 288.270410
263.646196 263.136212 263.846698
873.874465 873.326836 873.596990
345.352854 345.459890 345.232588
734.392497 734.423489 734.135368
26.208995 26.824375 26.877094
408.594967 408.161840 408.620059
957.246359 957.519328 957.764392
900.571454 900.489536 900.813223
474.628314 474.213429 474.417616
520.461173 520.247207 520.154562
357.322749 357.325397 357.281526
