2000
1857.694100 1857.677656 1857.109686
558.454321 558.553168 558.693320
1444.761000 1444.307206 1444.133251
910.878795 910.101977 910.235103
953.453621 953.357770 953.357474
684.307571 684.428345 684.556452
1023.150097 1023.463061 1023.897860
1961.271067 1961.374049 1961.527180
383.896316 383.314923 383.499261
1780.696338 1780.884416 1780.534766
1326.310235 1326.335725 1326.575328
1204.276106 1204.451734 1204.475984
318.601945 318.505547 318.431046
482.852611 482.394653 482.428265
1946.550765 1946.265933 1946.784950
174.415381 174.110632 174.236388
878.466941 878.446194 878.263041
520.848031 520.661895 520.311587
64.673922 64.457733 64.407722
1474.391129 1474.350131 1474.449240
1323.867254 1323.106471 1323.261284
1480.658736 1480.173692 1480.289167
654.318415 654.676702 654.247025
1479.650830 1479.712669 1479.485672
101.633566 101.224416 101.364182
224.133461 224.825917 224.758579
690.211556 690.419481 690.838409
757.832710 757.735032 757.102221
1543.239030 1543.179090 1543.159264
606.548098 606.501322 606.279589
1666.553123 1666.826568 1666.463512
1524.251251 1524.402328 1524.788688
915.550585 915.443956 915.165735
210.594944 210.660916 210.266453
1003.210826 1003.407425 1003.586135
1410.344362 1410.776660 1410.734958
1695.721788 1695.745113 1695.849906
340.646661 340.429621 340.298358
625.527007 625.300752 625.584933
1186.246404 1186.282179 1186.140879
1168.360282 1168.131625 1168.667511
1671.856211 1671.439863 1671.505130
1617.545609 1617.606376 1617.701258
1019.692260 1019.381034 1019.193285
596.416392 596.386564 596.780513
489.140904 489.268998 489.290604
1559.118811 1559.896897 1559.855261
281.760516 281.738585 281.139208
1860.203437 1860.651747 1860.411039
1831.522794 1831.874196 1831.723045
137.205149 137.786218 137.629267
1862.652234 1862.695168 1862.838351
1249.390204 1249.331984 1249.188916
1819.185844 1819.192400 1819.834886
1437.533510 1437.306761 1437.220594
1673.513070 1673.705106 1673.561108
305.662083 305.579498 305.363738
341.179452 341.248627 341.682329
106.346522 106.286207 106.704514
205.501906 205.704014 205.700857
842.698810 842.434659 842.446998
1598.721288 1598.243308 1598.246575
122.556995 122.283821 122.412987
472.505148 472.317977 472.179955
486.715902 486.598903 486.784008
1278.299727 1278.865761 1278.312878
936.203150 936.530743 936.402908
1104.127022 1104.114971 1104.571458
245.866890 245.213951 245.865953
69.343397 69.315545 69.609938
33.630161 33.575517 33.311626
1980.747741 1980.422677 1980.371212
1670.372635 1670.473456 1670.464318
1704.732532 1704.571928 1704.179751
711.258222 711.513102 711.278853
1768.188889 1768.568228 1768.847822
394.365308 394.260535 394.156811
1698.283033 1698.781590 1698.375339
832.311467 832.449702 832.783748
1287.832990 1287.153702 1287.383479
1284.800298 1284.667303 1284.786308
951.442067 951.555720 951.331342
1830.604992 1830.840137 1830.776899
595.798349 595.587088 595.526826
898.873161 898.377193 898.345377
1688.380299 1688.337645 1688.567456
787.600510 787.130786 787.809793
1143.614118 1143.814942 1143.810161
1769.191912 1769.777641 1769.670881
1646.530794 1646.532692 1646.295062
111.394199 111.791939 111.397101
746.121801 746.882188 746.324331
483.132565 483.417394 483.437704
862.827586 862.323973 862.809934
1839.381594 1839.423641 1839.186150
388.206582 388.238237 388.679204
736.860379 736.133548 736.531175
1571.811167 1571.863118 1571.610851
627.613180 627.501949 627.458201
1632.456752 1632.487395 1632.481705
816.593121 816.648713 816.190869
1383.795221 1383.697352 1383.308107
37.565831 37.567757 37.199868
1995.727582 1995.151879 1995.844105
1374.206537 1374.550565 1374.486955
1564.390222 1564.430645 1564.686327
1246.359006 1246.817117 1246.111454
695.698373 695.317170 695.109427
1465.320895 1465.125521 1465.458221
1016.730350 1016.211964 1016.171102
1587.103566 1587.806391 1587.829709
981.856107 981.835020 981.202317
1532.597055 1532.142896 1532.646408
1409.778846 1409.761906 1409.599275
1258.831065 1258.754842 1258.436244
944.279891 944.622673 944.360299
188.870375 188.347259 188.567025
567.432325 567.712049 567.882443
1210.717838 1210.699564 1210.494792
1487.376823 1487.319545 1487.351786
1745.470116 1745.172462 1745.435249
1442.699506 1442.852558 1442.320993
1495.518837 1495.350661 1495.169063
1302.892637 1302.308897 1302.309839
1654.655806 1654.400558 1654.886501
1376.624439 1376.801744 1376.793213
80.330177 80.647523 80.380098
1425.151201 1425.809718 1425.874167
973.749471 973.271648 973.265725
168.404098 168.124482 168.422730
1351.405311 1351.893562 1351.170673
151.379401 151.818715 151.854195
1560.447642 1560.728970 1560.101284
1473.328723 1473.616290 1473.599383
1643.845307 1643.156131 1643.295374
1556.382185 1556.589557 1556.424853
1574.831374 1574.749638 1574.254256
1721.661198 1721.437267 1721.224954
1049.568998 1049.818606 1049.283418
31.899178 31.851874 31.779088
1579.232583 1579.100661 1579.134025
74.835536 74.188311 74.125928
1977.807665 1977.292400 1977.328042
1453.842197 1453.373716 1453.379848
1776.750130 1776.207919 1776.358714
983.367003 983.559388 983.287605
1834.464786 1834.786727 1834.111962
139.806168 139.143001 139.321292
570.177681 570.297347 570.131269
565.770030 565.455237 565.114835
147.799049 147.507214 147.753662
1252.797166 1252.819748 1252.370627
1128.492858 1128.422290 1128.863110
1085.229242 1085.532562 1085.301703
1234.843408 1234.831121 1234.572771
115.897386 115.830891 115.734452
1557.472689 1557.257903 1557.792451
1969.115174 1969.640429 1969.436669
1457.323110 1457.595984 1457.271776
589.773463 589.645478 589.270110
864.105626 864.827488 864.381177
117.295829 117.724588 117.189924
1923.760647 1923.823913 1923.419203
1625.213730 1625.464890 1625.734210
494.696912 494.248895 494.885665
56.234315 56.374427 56.104348
1685.697680 1685.458519 1685.609593
1912.794536 1912.418737 1912.188867
357.304356 357.441986 357.202356
1417.831860 1417.263535 1417.749631
1338.242154 1338.747098 1338.704487
1529.851633 1529.636128 1529.897987
1105.261427 1105.896330 1105.139119
1528.121580 1528.825298 1528.452825
824.393323 824.220492 824.396154
1347.505351 1347.439354 1347.155128
1054.624476 1054.671425 1054.610433
1582.804194 1582.817404 1582.698195
1406.149735 1406.289020 1406.684762
610.795300 610.552966 610.614410
123.714612 123.740016 123.302395
1348.725236 1348.581509 1348.802226
1051.570815 1051.144317 1051.725499
1575.617701 1575.146863 1575.732671
843.582558 843.526901 843.501757
1286.209383 1286.863036 1286.724219
623.398598 623.271129 623.357743
830.376283 830.597566 830.588471
1823.743909 1823.807391 1823.407554
34.623174 34.893243 34.415145
1366.676978 1366.880955 1366.765859
452.221535 452.870467 452.294789
1070.200722 1070.513621 1070.446934
1320.544395 1320.534576 1320.280593
890.852678 890.634627 890.331849
1687.780415 1687.693523 1687.338993
807.892552 807.461271 807.563878
196.212322 196.397386 196.106956
949.728590 949.586787 949.672996
1660.231111 1660.499928 1660.583577
966.323840 966.814188 966.531778
1160.566123 1160.420660 1160.689338
1702.496017 1702.473033 1702.257444
887.843088 887.118106 887.125484
141.319476 141.266569 141.547689
237.213888 237.317500 237.438352
705.410393 705.499600 705.604703
769.508106 769.308336 769.140114
1238.231222 1238.121899 1238.536456
1876.225256 1876.792571 1876.174026
1363.427347 1363.292256 1363.464012
1511.363763 1511.463360 1511.440541
419.673692 419.844352 419.337048
835.411436 835.345428 835.108487
321.323510 321.279220 321.734071
1781.581912 1781.290747 1781.574321
90.158779 90.818277 90.686628
1863.772229 1863.713599 1863.545384
1770.216552 1770.349600 1770.785574
696.495028 696.786420 696.719611
618.650529 618.627515 618.157361
727.371924 727.681907 727.748120
657.628566 657.513362 657.646485
133.311712 133.564752 133.771551
881.561061 881.324020 881.216850
112.658381 112.557714 112.257617
1245.171035 1245.474345 1245.325640
298.845800 298.679219 298.632226
968.108668 968.331231 968.240351
1255.178064 1255.179299 1255.355427
1522.366127 1522.391007 1522.614861
1631.276629 1631.141318 1631.732221
1364.269326 1364.665238 1364.332381
381.333810 381.721160 381.655035
1296.687922 1296.824384 1296.172184
1380.507431 1380.850637 1380.362091
1905.870938 1905.433611 1905.634954
353.153573 353.484035 353.340336
1711.157874 1711.458003 1711.753968
262.811102 262.196844 262.285587
722.247334 722.339972 722.387768
819.449040 819.177761 819.887266
466.774171 466.611887 466.562804
1379.304315 1379.434701 1379.823539
1879.264393 1879.254735 1879.758701
707.239431 707.620986 707.455728
1897.860229 1897.626965 1897.691873
256.454730 256.894064 256.680508
284.763509 284.255039 284.352121
1454.242412 1454.234716 1454.587053
1328.506293 1328.484601 1328.799248
1490.134534 1490.813174 1490.763945
1789.793282 1789.740913 1789.195152
1460.454649 1460.274740 1460.222945
904.606527 904.635815 904.556550
1648.854375 1648.585391 1648.326158
408.214293 408.179932 408.887121
532.744730 532.397835 532.300020
456.769425 456.133967 456.346824
1680.389100 1680.367476 1680.521396
932.852231 932.138286 932.371977
1334.805255 1334.149845 1334.333223
790.789993 790.379554 790.265123
578.846208 578.695763 578.172925
1322.203244 1322.499977 1322.863833
1482.268072 1482.197694 1482.293680
523.752364 523.644664 523.677342
1339.141402 1339.305633 1339.111893
1779.125457 1779.767863 1779.285166
264.701937 264.252702 264.501904
1429.669330 1429.205278 1429.586610
497.446909 497.208489 497.445179
1639.756616 1639.768318 1639.868052
406.372649 406.110742 406.133293
1526.666847 1526.678077 1526.376233
1764.871694 1764.447141 1764.704832
1891.455925 1891.597460 1891.885859
142.167190 142.165293 142.397830
563.843392 563.564775 563.782445
924.597181 924.364936 924.633804
16.300731 16.420616 16.476418
1659.136635 1659.183801 1659.606257
1431.120623 1431.616199 1431.715179
319.791010 319.624780 319.720161
1219.853530 1219.267109 1219.245705
285.614796 285.897290 285.140768
537.598637 537.377995 537.691493
1930.755263 1930.329860 1930.885254
1344.751548 1344.562894 1344.287083
685.200063 685.874074 685.696655
929.384333 929.564209 929.532333
1931.672250 1931.624545 1931.177338
729.570237 729.435539 729.262592
1497.343524 1497.410876 1497.740878
225.251517 225.669481 225.139734
783.330371 783.786312 783.154562
814.679311 814.473114 814.504024
27.276446 27.549379 27.760200
1929.369172 1929.849736 1929.165060
517.728433 517.593400 517.421810
492.830942 492.363379 492.406245
1651.540885 1651.608701 1651.652743
1551.437016 1551.283243 1551.774815
1151.546428 1151.419586 1151.113408
914.894036 914.778260 914.302183
735.542173 735.134357 735.782473
99.807833 99.626760 99.718202
698.589890 698.320038 698.757353
1459.247234 1459.541139 1459.274153
975.851821 975.482760 975.118395
1607.446304 1607.123829 1607.335268
753.418015 753.557453 753.162573
796.139838 796.406411 796.350464
1416.247098 1416.208923 1416.566054
1759.309413 1759.723059 1759.124641
1732.806579 1732.346712 1732.621004
1015.889005 1015.620546 1015.579376
1167.636206 1167.447263 1167.630803
969.672431 969.169987 969.227158
1314.431316 1314.168470 1314.879245
454.599428 454.787496 454.487981
1491.323700 1491.754556 1491.421606
1170.611799 1170.760618 1170.679655
417.329655 417.390466 417.691286
797.597930 797.106920 797.381250
945.287705 945.648063 945.825944
5.753953 5.821672 5.836943
1134.603544 1134.145142 1134.285831
1829.670107 1829.346994 1829.384160
1767.479143 1767.480583 1767.341983
1291.369231 1291.641899 1291.412813
504.673900 504.421909 504.736039
1402.332771 1402.527285 1402.250304
344.384690 344.887685 344.653432
933.536042 933.169099 933.642878
603.612519 603.259369 603.824821
1263.604515 1263.174222 1263.582101
1317.206007 1317.458437 1317.184227
215.743564 215.281155 215.822070
1757.543483 1757.356461 1757.609746
1240.304933 1240.326028 1240.311669
282.864298 282.283845 282.540854
582.357330 582.479912 582.777248
296.513399 296.674789 296.188737
1007.167580 1007.580498 1007.767591
39.444229 39.186585 39.509832
766.279495 766.749686 766.652924
363.172226 363.297487 363.194913
1601.560397 1601.459204 1601.694548
435.618766 435.463647 435.182565
785.887433 785.105914 785.132093
1636.681738 1636.510412 1636.144780
1911.271889 1911.831887 1911.377095
303.835705 303.886357 303.744076
947.513949 947.725982 947.835903
130.180116 130.133252 130.322274
1476.146472 1476.262432 1476.593431
1469.186871 1469.348846 1469.107906
1869.190942 1869.812808 1869.227184
287.696531 287.559449 287.326882
241.546973 241.767111 241.190226
919.737391 919.136281 919.770486
1145.666011 1145.323148 1145.398644
1979.411072 1979.198763 1979.630428
714.549847 714.365028 714.778504
1244.498264 1244.676931 1244.720108
94.857054 94.790063 94.823857
872.126605 872.659626 872.706083
1271.716116 1271.259552 1271.287769
614.811843 614.202959 614.257495
129.375155 129.146043 129.191033
254.754743 254.792404 254.280108
1357.369975 1357.185688 1357.773096
204.349737 204.715077 204.262773
1393.159158 1393.564927 1393.790933
1208.545450 1208.312957 1208.595212
1262.333889 1262.605254 1262.172101
994.192445 994.192197 994.742924
1156.136857 1156.390789 1156.472857
1231.620187 1231.248141 1231.562248
916.564051 916.693860 916.883374
1394.367265 1394.281865 1394.694822
1472.540034 1472.362296 1472.891938
984.532727 984.641203 984.174735
77.124784 77.134445 77.348458
628.564144 628.252478 628.185716
1455.275663 1455.261099 1455.370511
326.344432 326.659297 326.667648
745.239328 745.121809 745.290783
642.408096 642.159601 642.656245
1086.628216 1086.877596 1086.684623
552.301151 552.658332 552.385418
1439.807330 1439.720012 1439.242442
1676.835746 1676.803065 1676.104651
597.605894 597.280547 597.197964
247.616555 247.500336 247.588961
1771.306331 1771.139555 1771.636664
440.350975 440.570482 440.332491
1064.442948 1064.182080 1064.615264
1266.845174 1266.813945 1266.207968
207.627456 207.430973 207.513726
927.848473 927.791003 927.657607
939.228429 939.560713 939.584938
1177.753392 1177.683658 1177.796464
1398.792202 1398.364779 1398.361812
617.290393 617.200940 617.850964
1433.693375 1433.879223 1433.219909
1038.859164 1038.286436 1038.572797
1265.589747 1265.510241 1265.669663
25.598041 25.467307 25.721004
1715.421408 1715.232124 1715.402437
882.143171 882.350625 882.776476
399.385897 399.212543 399.176296
519.639276 519.566970 519.101525
1576.470657 1576.232536 1576.693271
789.772972 789.773540 789.577145
368.336530 368.421448 368.807002
1568.402977 1568.444327 1568.618998
61.385585 61.617256 61.590068
747.552976 747.456015 747.629802
1833.157232 1833.739906 1833.302218
197.514637 197.415483 197.624382
1555.247770 1555.166628 1555.788448
1677.399258 1677.726334 1677.499884
234.374184 234.180404 234.498400
1792.287535 1792.437740 1792.760403
364.412562 364.221750 364.863638
412.123160 412.670437 412.461428
601.687192 601.870717 601.578131
1841.542654 1841.551428 1841.100483
60.315995 60.769310 60.416146
1461.838723 1461.144044 1461.156065
659.619093 659.645708 659.681756
858.414925 858.876744 858.241647
1089.561223 1089.605413 1089.738941
1125.398200 1125.882357 1125.622868
1200.565625 1200.271161 1200.654104
572.636057 572.273622 572.622800
1835.382788 1835.250951 1835.666594
405.642809 405.493966 405.661945
1152.742800 1152.596281 1152.165603
1024.462553 1024.673734 1024.562935
1892.449237 1892.420112 1892.346004
166.505870 166.316149 166.807126
42.575378 42.866041 42.113891
1232.163253 1232.211991 1232.617712
1975.370676 1975.298893 1975.250657
1908.885612 1908.287637 1908.782322
1917.110879 1917.239412 1917.776120
260.318677 260.698214 260.698420
1842.365699 1842.569883 1842.896480
719.264699 719.450541 719.845107
484.752951 484.262027 484.540714
1140.502136 1140.813211 1140.717252
109.839517 109.311435 109.487146
1327.422066 1327.441733 1327.133765
954.147640 954.537661 954.880147
1464.633841 1464.749857 1464.297122
236.272498 236.405507 236.481784
1343.856112 1343.657639 1343.237238
503.850261 503.624997 503.587144
1784.519013 1784.851407 1784.287281
866.648551 866.227703 866.627115
1355.660065 1355.853140 1355.202777
469.536162 469.382992 469.464878
1467.195795 1467.441782 1467.416788
333.547625 333.596250 333.307896
187.118096 187.617426 187.332621
856.297741 856.353666 856.516105
886.376999 886.158015 886.793590
402.611612 402.627255 402.707892
1501.227092 1501.630008 1501.266655
1888.776385 1888.770984 1888.619130
1584.323368 1584.804864 1584.107249
522.228777 522.813668 522.440577
1880.391576 1880.618563 1880.774946
1624.195870 1624.453838 1624.200233
1707.517997 1707.669138 1707.147032
631.778447 631.633669 631.120940
448.399817 448.125907 448.160754
52.674429 52.749299 52.819392
1281.752261 1281.135592 1281.388290
1264.708665 1264.432177 1264.590364
481.122143 481.789505 481.210288
1340.592492 1340.629285 1340.763695
1898.515567 1898.503351 1898.562857
691.139280 691.314765 691.803355
1988.403158 1988.709021 1988.767461
875.859527 875.318687 875.438386
1397.894557 1397.311272 1397.462422
325.475713 325.605725 325.487926
573.445333 573.217014 573.287576
1806.828547 1806.412783 1806.314121
1123.146632 1123.428639 1123.740797
1573.156086 1573.459416 1573.723610
1868.190454 1868.679422 1868.470619
164.474821 164.169296 164.694025
1446.201484 1446.233878 1446.229959
496.562901 496.777993 496.300615
1740.143520 1740.155452 1740.344762
1957.646225 1957.875499 1957.628731
1986.258879 1986.425683 1986.491472
1081.375582 1081.266069 1081.648165
1581.293343 1581.721710 1581.807922
1809.784523 1809.467541 1809.507299
89.310221 89.588100 89.139105
328.879478 328.453341 328.291737
144.870276 144.791113 144.449460
246.234771 246.386449 246.371461
175.209406 175.673059 175.842645
1647.575574 1647.308712 1647.241812
1077.548786 1077.475643 1077.126684
979.301455 979.290963 979.838560
674.680516 674.634719 674.792492
1150.729176 1150.809765 1150.316463
632.123558 632.320722 632.305047
191.748636 191.800100 191.288137
1426.428235 1426.156817 1426.183090
539.465398 539.231287 539.852311
1004.312547 1004.499870 1004.678331
1099.458392 1099.551680 1099.873777
619.191749 619.515714 619.351988
203.854586 203.276465 203.541346
922.580190 922.415112 922.583811
1423.510131 1423.278324 1423.767898
1349.529722 1349.622911 1349.207860
1161.782585 1161.867089 1161.208924
209.323479 209.592513 209.232576
32.182280 32.187407 32.443999
622.587053 622.284107 622.445167
743.856863 743.580247 743.743155
1209.345908 1209.233939 1209.323632
404.585998 404.758610 404.881950
1290.240493 1290.789638 1290.377221
459.177852 459.179814 459.313807
1028.676956 1028.608523 1028.717462
810.625124 810.540416 810.413436
546.591481 546.253247 546.865280
157.477335 157.893644 157.652721
1720.663775 1720.379393 1720.666950
373.152321 373.458226 373.250696
1873.705065 1873.642829 1873.160913
1166.263349 1166.140619 1166.553564
1427.894289 1427.888676 1427.346626
310.791496 310.768159 310.407401
1727.717651 1727.599857 1727.524873
81.709425 81.345582 81.297222
502.544017 502.365790 502.291200
837.765707 837.686046 837.570940
1136.427530 1136.871142 1136.752252
556.245766 556.391181 556.407771
1135.704663 1135.443342 1135.268188
964.615483 964.272365 964.770005
1904.244067 1904.744811 1904.253790
1389.873683 1389.203705 1389.328626
1075.227858 1075.809190 1075.498974
562.557974 562.446341 562.709276
1775.200631 1775.569074 1775.421614
515.254180 515.670230 515.430029
1712.151896 1712.854021 1712.327000
393.766047 393.113523 393.594654
1512.530418 1512.112058 1512.325633
1605.599108 1605.527319 1605.312471
1001.736076 1001.613700 1001.734198
1536.554960 1536.856090 1536.145417
641.387156 641.136043 641.435523
1696.431382 1696.620877 1696.344171
1251.437355 1251.847209 1251.361159
744.463475 744.479636 744.256426
1456.193151 1456.362583 1456.504389
491.720654 491.410769 491.111592
1440.493940 1440.276659 1440.235702
615.217780 615.224231 615.342425
311.662945 311.245751 311.684631
1316.126520 1316.277276 1316.211832
1026.854254 1026.493089 1026.395446
28.397660 28.884680 28.118198
189.847135 189.399823 189.654120
960.511752 960.400335 960.598098
214.580791 214.679249 214.218056
1515.705569 1515.770751 1515.363513
718.488933 718.863930 718.304595
1370.515936 1370.438552 1370.285378
594.127212 594.381116 594.730888
232.545038 232.416460 232.327357
971.621078 971.582018 971.369896
272.445260 272.501647 272.300626
211.167051 211.473852 211.148965
1760.471959 1760.214693 1760.189779
1000.838679 1000.827133 1000.767735
874.578350 874.418407 874.508423
1488.412036 1488.503608 1488.877584
836.714214 836.470302 836.264674
1638.376678 1638.184346 1638.493700
799.497139 799.844179 799.562431
250.426468 250.412285 250.412657
420.773355 420.460240 420.801391
1248.753748 1248.247461 1248.537805
527.853935 527.197727 527.183145
1312.296655 1312.787939 1312.764010
1212.598575 1212.317738 1212.241345
1138.596650 1138.400790 1138.595308
1978.475672 1978.183589 1978.889999
1705.323919 1705.393717 1705.824864
788.164287 788.407640 788.889416
119.500062 119.473522 119.704962
1353.335745 1353.116822 1353.741980
1223.205195 1223.290301 1223.219352
1164.842140 1164.365549 1164.706184
1609.419479 1609.542154 1609.422899
779.465900 779.587729 779.117021
410.515888 410.564343 410.831930
812.555288 812.473272 812.294663
1728.614325 1728.538903 1728.104511
551.681704 551.543514 551.239674
1816.429342 1816.848085 1816.465647
1932.521124 1932.396325 1932.163957
1441.884327 1441.297282 1441.751901
1699.750489 1699.867484 1699.137694
506.361277 506.322436 506.676123
1385.203893 1385.342808 1385.883438
1710.868725 1710.215445 1710.897423
1793.646440 1793.856775 1793.416011
1798.192935 1798.861885 1798.674903
1190.542741 1190.282173 1190.232608
1073.568754 1073.412861 1073.395052
1716.346273 1716.405950 1716.227535
905.565696 905.763552 905.113466
777.788898 777.351701 777.463777
970.122980 970.581739 970.527494
14.335892 14.887019 14.280315
1620.682353 1620.417371 1620.404128
92.636099 92.533632 92.565918
1165.441171 1165.103762 1165.262775
413.731052 413.661781 413.854730
59.130988 59.895975 59.838515
86.432281 86.836802 86.416836
813.515898 813.142265 813.688265
1384.616938 1384.803889 1384.758672
1101.645497 1101.445683 1101.417480
1713.309340 1713.175673 1713.436792
1615.111052 1615.633977 1615.545179
561.418300 561.245190 561.150945
411.332474 411.158825 411.734173
249.606220 249.120565 249.815692
1663.646093 1663.308205 1663.382192
1965.565572 1965.804304 1965.844481
171.553189 171.398646 171.628423
124.822126 124.221775 124.250616
361.791914 361.364781 361.303638
396.516776 396.371348 396.654581
760.605696 760.220509 760.500693
609.788199 609.294626 609.295767
602.859899 602.226419 602.711411
1539.644421 1539.421058 1539.753760
1084.652110 1084.404704 1084.392513
1116.601707 1116.450142 1116.408991
1570.809883 1570.810779 1570.444865
194.538612 194.621427 194.252169
1956.761276 1956.648027 1956.431409
693.320188 693.809537 693.607008
1635.847528 1635.751503 1635.356368
1844.862745 1844.191901 1844.623114
1319.722805 1319.651843 1319.865116
1222.863850 1222.155464 1222.660803
201.712937 201.782513 201.372207
967.703263 967.604758 967.882134
231.370146 231.812491 231.121676
1679.424710 1679.894841 1679.147940
1139.559760 1139.724743 1139.274400
51.747946 51.273921 51.853351
1914.470129 1914.395659 1914.858599
1194.184338 1194.236363 1194.880592
436.349565 436.439907 436.112736
20.139494 20.651028 20.301179
1388.153507 1388.799390 1388.793925
1997.680585 1997.385873 1997.603136
771.500942 771.118691 771.259602
1520.215054 1520.496826 1520.239443
1050.542578 1050.693727 1050.506713
724.742582 724.269241 724.642784
554.285916 554.432690 554.210169
1533.311917 1533.634657 1533.757115
772.532581 772.547061 772.404131
921.114495 921.409456 921.824949
286.207560 286.200739 286.205519
1604.294686 1604.876499 1604.513149
1847.491870 1847.800969 1847.792876
11.226516 11.781923 11.648438
1352.568939 1352.160710 1352.184341
756.608378 756.282056 756.546206
859.420468 859.764914 859.599939
852.203881 852.249320 852.725569
734.799389 734.413271 734.675853
557.211046 557.576428 557.259654
446.214518 446.154204 446.706729
818.713956 818.115067 818.521134
1391.259313 1391.403946 1391.138754
391.169977 391.874100 391.217129
851.206584 851.450510 851.390910
0.771022 0.748711 0.707806
1945.250892 1945.261675 1945.495267
1836.320328 1836.568039 1836.750569
748.766058 748.677962 748.400916
1744.110447 1744.769409 1744.779734
277.458710 277.221363 277.511368
1189.420158 1189.671473 1189.644643
697.626358 697.864605 697.489826
891.337488 891.295688 891.555869
1458.659831 1458.149979 1458.719299
639.673281 639.284103 639.170111
803.568993 803.493602 803.263414
244.468490 244.881188 244.634033
1629.683972 1629.474352 1629.678697
599.188229 599.754547 599.107101
841.740344 841.223192 841.897297
637.229364 637.898453 637.573406
550.431315 550.715048 550.738660
85.888240 85.439995 85.553185
514.418141 514.110665 514.670493
280.159150 280.151004 280.448662
279.155997 279.161844 279.489451
24.417726 24.203519 24.880032
1260.557785 1260.370732 1260.305144
1773.165519 1773.428341 1773.899978
942.265036 942.695045 942.524920
1968.791189 1968.661957 1968.835399
8.539418 8.602292 8.105304
1537.831193 1537.447844 1537.292335
585.305972 585.695938 585.518043
1896.378229 1896.117052 1896.614662
703.668032 703.559306 703.270425
179.152564 179.187095 179.753749
308.487006 308.657615 308.289065
1120.863760 1120.165309 1120.695267
257.726190 257.610619 257.280844
1176.299829 1176.147452 1176.449201
434.878554 434.694691 434.448756
1838.189834 1838.653534 1838.739156
1906.579077 1906.711841 1906.652006
732.233865 732.805385 732.787219
1849.809032 1849.372398 1849.870051
1184.433002 1184.845296 1184.209324
1122.354459 1122.670549 1122.507496
63.258328 63.180005 63.308043
371.237805 371.304782 371.709297
432.855467 432.738188 432.702439
593.132950 593.213410 593.577865
1294.518938 1294.515280 1294.228810
946.211041 946.751213 946.456687
1434.561273 1434.733035 1434.265383
1236.442772 1236.685814 1236.303782
576.557749 576.671459 576.194507
591.552075 591.775950 591.272708
1034.242311 1034.254991 1034.591436
512.539797 512.386503 512.623587
499.219734 499.282524 499.228426
1952.593307 1952.296280 1952.533990
227.811993 227.856568 227.470501
415.534417 415.890587 415.307305
71.598059 71.817124 71.196504
778.376854 778.179623 778.708685
1981.611279 1981.694643 1981.283062
643.613143 643.528326 643.375566
43.119377 43.596202 43.589408
751.778470 751.530947 751.423712
1675.578012 1675.349942 1675.178084
38.426031 38.865418 38.184547
182.427881 182.665376 182.803883
1201.698232 1201.697103 1201.226633
1697.844040 1697.501291 1697.137695
1147.686450 1147.251219 1147.277718
521.770980 521.373871 521.154073
1305.899829 1305.672332 1305.255103
206.620500 206.816337 206.198244
1083.357057 1083.792111 1083.536704
132.798725 132.750140 132.131535
1268.406501 1268.260168 1268.863903
150.124857 150.599239 150.687627
58.832566 58.632471 58.255630
1592.587765 1592.498573 1592.526067
443.333832 443.207319 443.208484
267.156612 267.822397 267.865880
671.563991 671.707712 671.390529
1074.512593 1074.755809 1074.477132
1221.671954 1221.456890 1221.443066
1970.323913 1970.640784 1970.763538
1794.533687 1794.475788 1794.367418
773.264811 773.557757 773.866675
709.486610 709.640512 709.189331
676.736111 676.434675 676.508935
1153.772750 1153.310400 1153.880545
560.579640 560.463486 560.507431
1206.219639 1206.832485 1206.570757
1718.839046 1718.479638 1718.748845
1478.284063 1478.625798 1478.236826
976.547191 976.706601 976.832583
1132.355250 1132.733578 1132.437423
1382.365760 1382.154826 1382.826869
1035.705247 1035.529870 1035.354175
1821.134058 1821.846145 1821.495661
1756.862604 1756.336023 1756.840298
1855.477932 1855.544484 1855.413700
1782.318576 1782.490089 1782.458905
1489.548862 1489.254439 1489.690253
350.798444 350.536324 350.140677
1387.809364 1387.457545 1387.797645
1751.636397 1751.803232 1751.155073
1600.673445 1600.679361 1600.200169
1233.724056 1233.317186 1233.808013
22.235533 22.564912 22.547881
535.650655 535.222590 535.324472
82.805929 82.533708 82.453283
1824.146821 1824.709744 1824.818002
1750.391635 1750.165138 1750.317997
1228.517446 1228.345496 1228.853301
190.700884 190.200642 190.644534
208.351838 208.278231 208.799584
1954.835181 1954.846370 1954.103802
1039.676625 1039.258223 1039.873580
1934.207938 1934.231406 1934.381912
1942.717152 1942.442201 1942.142451
1274.622671 1274.806621 1274.399422
217.642665 217.529112 217.269380
1547.568346 1547.467598 1547.538349
555.604546 555.699699 555.254524
1466.591406 1466.218671 1466.720804
802.593449 802.326008 802.860610
985.870817 985.593024 985.557496
186.759302 186.788362 186.402314
559.451337 559.132172 559.692383
668.144013 668.560844 668.403874
1418.827894 1418.680569 1418.825410
621.101926 621.108495 621.245111
460.615228 460.437637 460.208053
1006.491418 1006.491726 1006.793571
1283.833053 1283.144632 1283.879687
660.629757 660.694934 660.860743
45.646148 45.822583 45.273936
1195.293662 1195.874185 1195.862941
1738.623830 1738.577607 1738.767842
1867.180768 1867.192446 1867.623087
1644.382948 1644.803426 1644.833147
877.860091 877.231894 877.657103
1359.327330 1359.440646 1359.177515
173.676262 173.535811 173.167092
1428.743920 1428.816571 1428.127195
1577.813169 1577.643062 1577.226561
1392.232289 1392.669706 1392.193581
453.490944 453.304299 453.402108
899.444839 899.240425 899.680960
758.562512 758.601090 758.680183
488.133131 488.514249 488.209089
1987.175116 1987.333348 1987.683872
240.391720 240.496965 240.277735
253.301114 253.423914 253.298920
629.621506 629.344227 629.601430
1485.308632 1485.405798 1485.731127
894.520072 894.518303 894.859169
149.703565 149.602038 149.564509
1562.827154 1562.884713 1562.860392
44.331003 44.319377 44.582651
78.106276 78.222213 78.533014
1653.460432 1653.117611 1653.183074
1256.403704 1256.438305 1256.272544
1729.463170 1729.406572 1729.415180
543.414838 543.431051 543.167482
1332.680139 1332.503178 1332.788965
935.125390 935.565644 935.823336
474.744633 474.203010 474.160245
1191.525942 1191.472529 1191.121709
367.234174 367.593385 367.398015
1171.401136 1171.643203 1171.646744
238.584389 238.398874 238.551313
1333.643972 1333.470432 1333.795436
759.863428 759.851069 759.492143
1031.895491 1031.597276 1031.616118
1805.509090 1805.735460 1805.484454
845.352907 845.853618 845.295267
575.542914 575.646905 575.493504
1755.527355 1755.844667 1755.369807
317.192099 317.118541 317.673431
1854.754818 1854.569777 1854.839011
449.518776 449.543271 449.537375
1182.837099 1182.399161 1182.265600
172.221773 172.457484 172.285297
524.200948 524.162804 524.688007
1788.485757 1788.715456 1788.327289
1882.722652 1882.360144 1882.763912
754.261169 754.120928 754.542209
1990.123584 1990.867834 1990.388901
114.381759 114.848221 114.114466
392.725012 392.117206 392.379731
1982.748866 1982.593789 1982.457768
1886.535888 1886.106524 1886.582000
896.154088 896.733915 896.742224
54.377728 54.199679 54.734971
793.267594 793.302804 793.761856
1907.293739 1907.672069 1907.378971
426.876261 426.830171 426.894035
1401.294016 1401.394996 1401.480599
1967.262458 1967.411805 1967.568007
1452.621204 1452.632625 1452.633914
1850.895182 1850.138152 1850.898685
781.666638 781.188920 781.849744
854.152636 854.639365 854.794653
1971.371966 1971.811851 1971.237587
677.860030 677.732202 677.277249
1681.753418 1681.323687 1681.861259
1709.831031 1709.702660 1709.796106
786.819128 786.241888 786.558092
1354.472982 1354.768369 1354.404874
675.545729 675.240203 675.469187
153.324920 153.184630 153.396494
577.863765 577.203784 577.806555
1817.643463 1817.198258 1817.420028
395.635356 395.679995 395.629840
1667.823270 1667.495233 1667.244863
1649.448075 1649.442007 1649.194476
276.203449 276.164751 276.588971
1111.593880 1111.676250 1111.418191
1198.152505 1198.308262 1198.700458
148.528317 148.695870 148.521509
1548.760681 1548.659194 1548.107773
1594.543571 1594.321698 1594.404422
853.550879 853.731878 853.352470
1369.438421 1369.103363 1369.303117
1306.208977 1306.460255 1306.179487
1436.450420 1436.312472 1436.231917
221.455004 221.766423 221.274891
1665.715668 1665.552964 1665.357734
701.805499 701.564401 701.760311
1225.574411 1225.615200 1225.645358
1545.255588 1545.881445 1545.234414
1630.772501 1630.256705 1630.196068
1994.564944 1994.143657 1994.733578
650.149226 650.278988 650.268261
161.204642 161.629784 161.568584
270.889161 270.859211 270.701366
1381.692810 1381.759491 1381.872977
1280.372579 1280.319476 1280.228738
1684.272560 1684.780507 1684.359651
958.626473 958.258217 958.663762
1269.742744 1269.629037 1269.208949
680.150768 680.400955 680.827724
1017.623921 1017.279544 1017.651600
193.198918 193.841158 193.395150
822.410395 822.825283 822.780775
332.553077 332.492112 332.385330
991.686567 991.866464 991.732417
1889.722279 1889.135377 1889.773865
1998.464456 1998.689031 1998.412157
784.297046 784.340807 784.685588
1092.828300 1092.329251 1092.837590
1142.276695 1142.152195 1142.129950
156.509891 156.194594 156.245507
1726.590116 1726.707843 1726.600927
47.179088 47.812625 47.233004
1700.412786 1700.201316 1700.189149
192.295035 192.327981 192.853513
1542.492622 1542.767173 1542.424607
1686.775763 1686.394265 1686.512658
73.627493 73.414388 73.568194
681.795284 681.864946 681.635437
1181.290356 1181.789101 1181.626404
1481.841382 1481.557661 1481.831384
1325.558658 1325.309205 1325.398052
1129.423953 1129.579092 1129.842376
1043.421349 1043.862358 1043.160294
605.121272 605.184930 605.793025
1591.679843 1591.594379 1591.608663
1683.611452 1683.885245 1683.725378
103.331694 103.849898 103.725564
1514.291620 1514.193771 1514.252083
943.537013 943.331087 943.594019
1078.571038 1078.170176 1078.600591
1289.298578 1289.517059 1289.157744
1307.281161 1307.872395 1307.836861
390.619723 390.640290 390.395970
755.417595 755.260256 755.564018
1795.720968 1795.441920 1795.419457
1324.579413 1324.437787 1324.329754
662.202322 662.732617 662.501127
1603.695128 1603.432929 1603.291451
1213.234836 1213.458548 1213.508741
1596.604931 1596.109616 1596.820209
1742.869934 1742.643655 1742.423019
541.728466 541.401014 541.519447
1424.753812 1424.145473 1424.814980
1002.568493 1002.502584 1002.126665
1972.799146 1972.274705 1972.204943
583.880130 583.825245 583.894262
1336.533061 1336.818738 1336.778153
1926.325244 1926.376834 1926.127131
607.428611 607.207217 607.460136
1652.706961 1652.172303 1652.126943
266.376104 266.196207 266.355262
713.379422 713.889988 713.177277
1313.506495 1313.297451 1313.612159
1865.558351 1865.146349 1865.659646
41.696290 41.783761 41.826484
1871.774868 1871.218366 1871.552146
478.369685 478.545353 478.107774
1124.264931 1124.419769 1124.201119
1938.297932 1938.124392 1938.741985
1761.689956 1761.751090 1761.893011
1623.154509 1623.855935 1623.165363
1100.297333 1100.265549 1100.507837
359.240182 359.369534 359.151538
1114.891130 1114.360322 1114.233269
1386.116151 1386.867247 1386.785182
35.603207 35.591284 35.782451
826.224874 826.256188 826.151492
181.699458 181.543603 181.446399
1845.874707 1845.474689 1845.774065
1701.342558 1701.756545 1701.894022
1832.118455 1832.895997 1832.394828
564.659861 564.750691 564.315136
1477.767276 1477.358227 1477.135213
75.343258 75.597204 75.444040
1372.295335 1372.853892 1372.529461
1947.327472 1947.297322 1947.603927
652.286603 652.874240 652.363905
1282.140030 1282.104062 1282.781731
1115.562588 1115.521749 1115.229599
423.100887 423.546925 423.392434
339.730144 339.298936 339.137897
107.547176 107.169264 107.443847
1207.364759 1207.260452 1207.386950
1011.763675 1011.573210 1011.502447
566.124554 566.601003 566.406015
1293.539251 1293.614982 1293.461507
273.630846 273.104665 273.598585
1534.106833 1534.785908 1534.259443
1310.782733 1310.315477 1310.103736
1754.647622 1754.474551 1754.297345
1493.448765 1493.282637 1493.845718
1521.825587 1521.760589 1521.602804
955.407940 955.725366 955.628210
635.287170 635.515840 635.759900
811.567110 811.779822 811.868654
1991.394796 1991.579113 1991.183544
1421.622940 1421.324792 1421.634653
934.391586 934.666280 934.107814
429.756812 429.620088 429.733612
883.749254 883.287163 883.289257
1519.710830 1519.545162 1519.803175
717.133205 717.334673 717.893719
309.219232 309.389115 309.125099
1163.861596 1163.582638 1163.115605
455.502603 455.819449 455.292620
1800.515376 1800.833615 1800.153067
865.800279 865.829962 865.373449
688.355433 688.367527 688.739747
600.358339 600.418642 600.702181
163.178327 163.781794 163.639119
362.181218 362.243913 362.610878
1356.555651 1356.580338 1356.433742
1052.296328 1052.111025 1052.543406
723.665305 723.619394 723.377756
427.294308 427.259826 427.384502
831.803964 831.139307 831.858466
1227.718638 1227.887178 1227.132100
1586.310295 1586.893222 1586.286648
1197.327968 1197.716193 1197.280691
451.590314 451.439073 451.673589
379.612758 379.133412 379.137386
183.613178 183.441638 183.439694
1875.465610 1875.820519 1875.675680
468.765625 468.305139 468.385064
1723.742166 1723.698504 1723.254647
669.821492 669.279937 669.149582
1277.190666 1277.559260 1277.152710
1216.400611 1216.110991 1216.538356
655.582814 655.425170 655.688989
1008.862927 1008.543230 1008.300748
1088.860632 1088.197420 1088.330441
1919.272173 1919.673492 1919.486091
1032.499120 1032.642342 1032.454641
91.438877 91.627703 91.132210
538.681782 538.653741 538.502264
421.705286 421.692714 421.860216
1329.458535 1329.307407 1329.551090
1241.410292 1241.846215 1241.459811
1113.658090 1113.333300 1113.218299
143.198725 143.377005 143.862582
1079.507993 1079.508500 1079.152645
1097.867685 1097.129825 1097.270945
355.577696 355.377201 355.812348
1916.358873 1916.845673 1916.204051
1486.683392 1486.452270 1486.893559
76.496807 76.763651 76.896468
128.781628 128.545981 128.617512
715.837379 715.675421 715.378105
1012.597873 1012.241703 1012.105031
439.517363 439.476621 439.739047
712.118533 712.321956 712.517971
223.630483 223.345126 223.179330
1517.468842 1517.884169 1517.529825
493.359207 493.395944 493.723639
1411.421015 1411.170676 1411.229953
1162.795993 1162.709889 1162.705205
611.597481 611.340157 611.585127
295.472631 295.567229 295.887999
1285.299720 1285.880338 1285.382676
653.842849 653.587383 653.792231
986.889212 986.240215 986.364096
1492.255084 1492.122628 1492.519300
1922.671780 1922.886619 1922.267611
940.660762 940.715532 940.128539
1470.361023 1470.703495 1470.282646
876.332976 876.867238 876.566089
1953.635758 1953.177390 1953.664926
739.133998 739.341351 739.819461
770.100249 770.814032 770.260624
1801.594943 1801.546829 1801.272231
673.592006 673.376261 673.798612
480.219627 480.831483 480.388984
889.763231 889.435583 889.373820
1890.580980 1890.426953 1890.492428
1148.859468 1148.747869 1148.578509
547.285247 547.751884 547.343275
297.618918 297.471319 297.648186
1645.274426 1645.750954 1645.684650
479.654749 479.181515 479.390765
1450.633602 1450.848793 1450.484074
823.605057 823.441180 823.823040
1606.526095 1606.232250 1606.322086
1509.452739 1509.873122 1509.404224
1413.151918 1413.729798 1413.343681
528.375745 528.710771 528.683616
584.267706 584.253024 584.771137
867.264656 867.191013 867.506850
1936.104258 1936.389683 1936.676707
568.591979 568.266370 568.535611
500.410338 500.614194 500.517052
741.522397 741.824749 741.367080
274.340347 274.706602 274.751286
79.620239 79.465611 79.748558
820.128304 820.702885 820.527681
428.885594 428.846397 428.789261
1390.797221 1390.611136 1390.279263
1678.544121 1678.328463 1678.705594
10.418709 10.624347 10.447601
1812.625637 1812.543116 1812.722107
808.373802 808.868993 808.635085
465.581551 465.742462 465.528836
844.807487 844.542183 844.849839
1550.732074 1550.146023 1550.604697
700.867091 700.525121 700.545546
1642.463602 1642.374200 1642.653471
220.288551 220.699373 220.701039
710.612676 710.607603 710.614452
626.769432 626.311556 626.357261
1404.317284 1404.853708 1404.897096
920.779392 920.115075 920.772463
1846.641301 1846.695017 1846.442103
1935.822800 1935.164439 1935.399873
1196.287089 1196.220588 1196.245120
275.742251 275.688647 275.492764
1126.527800 1126.584064 1126.173010
1808.209620 1808.147317 1808.652133
1553.243334 1553.814895 1553.721079
1377.490298 1377.112464 1377.244143
1066.573730 1066.706758 1066.203751
377.407741 377.298476 377.154307
1367.210720 1367.350930 1367.851547
126.671044 126.610476 126.358919
1047.131927 1047.282818 1047.738759
1102.359730 1102.373983 1102.646731
1763.543757 1763.699519 1763.330281
1345.184770 1345.697903 1345.795586
1159.262870 1159.591484 1159.779573
740.296589 740.756695 740.609030
1220.277162 1220.884948 1220.845269
1866.872051 1866.398346 1866.845431
569.385298 569.617707 569.567783
349.760547 349.789663 349.611055
1432.655276 1432.469092 1432.841585
861.536676 861.220093 861.660614
1069.438325 1069.452055 1069.420655
1927.429295 1927.387713 1927.266543
1602.269060 1602.146969 1602.293121
167.651377 167.693484 167.800770
1157.406643 1157.177239 1157.624076
869.455948 869.826406 869.348509
1541.237220 1541.270118 1541.381711
68.187768 68.284556 68.613963
1633.681931 1633.541903 1633.437640
1786.387746 1786.802169 1786.864274
1010.895940 1010.737134 1010.788746
516.152310 516.131508 516.652465
294.220510 294.852433 294.890709
1940.654560 1940.248827 1940.121582
134.514107 134.486878 134.893326
645.648467 645.541964 645.780239
1118.101524 1118.767001 1118.831095
1062.393778 1062.793421 1062.511466
1993.135627 1993.381789 1993.893728
1843.660527 1843.627115 1843.736386
251.604202 251.859258 251.279768
36.424211 36.391312 36.550489
23.488111 23.767627 23.893013
165.662428 165.706258 165.712532
1939.589500 1939.393564 1939.691721
1178.484195 1178.143940 1178.828089
1037.384174 1037.509480 1037.864274
848.197009 848.192003 848.105544
880.299044 880.858029 880.384810
72.288127 72.256060 72.488189
1885.760208 1885.781268 1885.689429
471.858022 471.721303 471.830467
678.597312 678.776215 678.738093
269.603025 269.640534 269.103152
212.439257 212.474926 212.226513
1583.499757 1583.873491 1583.257611
1445.126383 1445.683458 1445.817487
1503.167998 1503.333857 1503.471920
1373.642525 1373.381239 1373.721717
1655.588953 1655.574984 1655.737455
100.846938 100.685539 100.636479
998.862732 998.433156 998.275635
948.707861 948.458358 948.212283
403.891343 403.493302 403.721415
334.638356 334.782742 334.223787
1342.167147 1342.113668 1342.666806
1915.623919 1915.366597 1915.392210
1689.185893 1689.662355 1689.562297
1230.674917 1230.476187 1230.205358
70.281912 70.531540 70.479248
1087.833948 1087.526382 1087.260266
661.798018 661.546014 661.526887
1958.350152 1958.367392 1958.223985
29.221167 29.425284 29.350516
162.158838 162.556874 162.554489
336.184569 336.602886 336.488808
825.797346 825.563067 825.402779
658.792531 658.666593 658.777480
1408.517034 1408.175779 1408.360813
638.587565 638.562597 638.725884
598.899180 598.881085 598.361623
320.816109 320.516275 320.588320
1154.682911 1154.690580 1154.499030
1082.419609 1082.323357 1082.223843
821.441740 821.369995 821.407503
1618.780877 1618.779280 1618.546376
1018.491513 1018.242472 1018.294831
464.193570 464.339859 464.609387
950.413528 950.347549 950.488528
873.836538 873.412781 873.580935
1999.331917 1999.182188 1999.532250
1544.896145 1544.185924 1544.845172
283.264924 283.814692 283.545519
1395.225937 1395.385757 1395.137630
1080.828648 1080.609222 1080.566266
55.860379 55.745827 55.657554
1724.278958 1724.140161 1724.162852
931.127282 931.458096 931.856865
136.746230 136.194514 136.722962
620.387516 620.411014 620.804953
1614.497903 1614.134870 1614.117860
1928.305415 1928.677564 1928.391567
665.505483 665.576695 665.290382
1094.588846 1094.338419 1094.234405
518.613044 518.600471 518.201800
909.297835 909.283317 909.142001
1098.227951 1098.890457 1098.368364
1566.185673 1566.860600 1566.442513
683.408959 683.647829 683.821733
1053.564183 1053.432374 1053.505764
1856.351997 1856.285786 1856.208717
1273.140570 1273.197956 1273.867245
1766.538845 1766.837100 1766.885522
1944.768980 1944.338875 1944.430828
510.194925 510.310062 510.822949
937.874769 937.479216 937.293912
458.117098 458.561039 458.670537
316.153572 316.279722 316.861616
663.466227 663.675466 663.188510
348.167001 348.159519 348.412119
1188.492069 1188.519767 1188.768477
962.331621 962.671104 962.874575
125.836592 125.219160 125.181507
1057.114195 1057.818501 1057.601810
1803.725660 1803.480804 1803.566746
1951.847180 1951.479128 1951.191788
828.767883 828.220221 828.707825
1405.112106 1405.179645 1405.382853
731.168054 731.658051 731.547247
1341.678159 1341.333529 1341.263628
977.178969 977.509864 977.537341
1205.256698 1205.645396 1205.450169
1758.187645 1758.605839 1758.103023
925.799364 925.815522 925.177759
542.214818 542.245744 542.817283
477.545660 477.679728 477.702635
640.374712 640.257596 640.701854
1137.500540 1137.807932 1137.273018
1144.480180 1144.518486 1144.855302
1895.588800 1895.481164 1895.608139
487.330496 487.244563 487.563736
1572.195694 1572.790273 1572.595564
1777.735652 1777.587063 1777.739297
1420.787982 1420.803777 1420.563976
290.546267 290.199186 290.798548
1753.235724 1753.464104 1753.427937
1311.668745 1311.795301 1311.555113
1510.851664 1510.336268 1510.710532
315.689834 315.529640 315.768719
664.358458 664.893881 664.765213
1664.729168 1664.864011 1664.682750
725.621086 725.206620 725.418206
376.451712 376.164302 376.460922
1959.878472 1959.501270 1959.308739
989.327709 989.581743 989.583455
1985.108221 1985.210526 1985.461531
1055.839761 1055.601912 1055.520349
1804.241671 1804.114491 1804.142534
1155.638213 1155.456590 1155.722178
1365.574201 1365.425303 1365.285521
354.824264 354.768725 354.328021
780.506014 780.587978 780.831053
1127.836791 1127.420766 1127.196109
1690.233833 1690.151455 1690.829772
1616.323522 1616.260072 1616.677429
1303.409512 1303.748148 1303.824821
913.855789 913.271733 913.566368
445.131953 445.704639 445.366822
239.835840 239.827857 239.720248
1407.154612 1407.283577 1407.896034
229.528984 229.268935 229.455880
907.192128 907.765317 907.524383
401.494483 401.802243 401.690686
1650.416127 1650.877320 1650.735295
418.686571 418.504759 418.771218
66.266447 66.552428 66.527977
1878.693774 1878.163792 1878.845893
1719.767669 1719.410669 1719.551505
1858.586976 1858.747532 1858.100489
176.821938 176.278929 176.258794
145.863601 145.555836 145.772930
1360.435189 1360.882262 1360.392918
263.503018 263.397958 263.609501
1304.771019 1304.367086 1304.440102
1597.791579 1597.113182 1597.726600
1739.628341 1739.140777 1739.274415
1180.510701 1180.487965 1180.883201
140.897201 140.223117 140.354544
1229.529212 1229.299026 1229.220410
265.882045 265.641478 265.361198
956.333883 956.836407 956.479423
1045.830487 1045.809916 1045.745155
218.256392 218.780950 218.447611
1276.882698 1276.441542 1276.723607
1061.568279 1061.597094 1061.500441
1736.498030 1736.245631 1736.629082
382.143106 382.262602 382.141035
1960.100355 1960.426869 1960.148052
893.330814 893.188113 893.193656
1748.349378 1748.393277 1748.221769
1950.825599 1950.739314 1950.270711
1261.872730 1261.708088 1261.252353
242.568649 242.412149 242.506686
1525.403334 1525.207897 1525.659439
104.158813 104.806951 104.615627
1253.468968 1253.509999 1253.204150
407.127230 407.473239 407.456916
302.114726 302.411366 302.655152
307.738819 307.711815 307.509846
352.779132 352.407241 352.891007
1484.759392 1484.717547 1484.260102
291.894929 291.859702 291.637134
1783.519035 1783.555608 1783.787247
742.169644 742.158614 742.272465
1877.170687 1877.873339 1877.266472
1275.313035 1275.496368 1275.809663
1130.188467 1130.542852 1130.107685
1093.152142 1093.586309 1093.729701
12.687368 12.464779 12.352577
1056.684916 1056.786575 1056.418993
1611.318782 1611.775996 1611.561464
805.533512 805.723504 805.250546
7.297964 7.644796 7.553959
330.230685 330.260461 330.432792
457.576154 457.261222 457.644629
1902.486850 1902.711772 1902.142758
198.747257 198.385857 198.871641
1438.780135 1438.150682 1438.137164
508.107071 508.679990 508.126231
774.454495 774.631026 774.690387
571.585112 571.615647 571.276459
15.363788 15.740972 15.201987
184.680269 184.757019 184.450326
4.541887 4.350699 4.127896
982.326003 982.709916 982.115957
495.337626 495.162091 495.601712
1820.593144 1820.492739 1820.817802
1691.655229 1691.804873 1691.253459
1361.272333 1361.387572 1361.386481
1826.417087 1826.183974 1826.785625
226.173587 226.313903 226.841390
437.343601 437.634215 437.272562
1494.358735 1494.142029 1494.663265
1505.676980 1505.211430 1505.764610
369.498405 369.561630 369.276537
1475.588251 1475.571026 1475.474760
351.196803 351.615776 351.289304
335.596642 335.358455 335.729511
289.156816 289.140037 289.747544
1059.778148 1059.483700 1059.662398
997.188772 997.874020 997.795347
1090.613869 1090.534061 1090.448164
1599.697036 1599.844322 1599.699133
1883.169965 1883.165209 1883.506741
1259.468870 1259.245046 1259.668227
1299.244859 1299.141653 1299.896373
1462.620079 1462.665248 1462.688690
1502.548698 1502.785093 1502.289283
1297.512141 1297.757375 1297.225885
1203.240811 1203.367396 1203.339622
1852.121952 1852.846506 1852.219995
1022.145066 1022.738522 1022.645331
1014.310673 1014.565075 1014.812326
1861.202122 1861.673216 1861.891846
1563.569143 1563.228047 1563.775287
1737.198956 1737.863282 1737.328939
1962.362855 1962.867356 1962.723460
670.603248 670.809694 670.744516
1580.748478 1580.810544 1580.844804
1025.374878 1025.662739 1025.283481
926.865099 926.479572 926.771619
545.367009 545.144355 545.541220
1741.738094 1741.737076 1741.176308
1033.244451 1033.692439 1033.817702
959.738756 959.886807 959.350549
21.487095 21.777543 21.183102
118.639676 118.534004 118.493527
544.359521 544.393700 544.418630
1669.666378 1669.342345 1669.864390
1588.230127 1588.419975 1588.875748
26.700027 26.668037 26.241620
230.569107 230.457487 230.255253
612.275612 612.300057 612.711545
1799.420224 1799.755167 1799.515816
1471.483969 1471.642217 1471.326690
667.397528 667.668314 667.637282
1733.885553 1733.188878 1733.419508
648.253231 648.230995 648.726562
534.862648 534.351148 534.107488
314.893325 314.767556 314.289221
1837.205952 1837.450772 1837.578006
13.302715 13.445132 13.829616
1013.624539 1013.352529 1013.412456
1378.441845 1378.896280 1378.820176
159.752506 159.325526 159.150630
750.269440 750.108549 750.498963
1901.500991 1901.362535 1901.622646
1513.719701 1513.180055 1513.559491
1619.359454 1619.298759 1619.188529
1076.445034 1076.482920 1076.305732
1321.548131 1321.303321 1321.175894
791.721046 791.146192 791.354043
1146.834199 1146.650678 1146.369786
1813.335608 1813.368777 1813.302912
50.773335 50.477631 50.169590
1298.795620 1298.743075 1298.479314
1694.462137 1694.147434 1694.491387
88.677207 88.867862 88.573494
900.718660 900.193102 900.415587
202.101074 202.177548 202.600188
414.552467 414.347778 414.713339
1279.263630 1279.708505 1279.841915
378.705756 378.535006 378.475755
1272.868469 1272.493441 1272.793023
815.442575 815.106625 815.327528
1900.108562 1900.806609 1900.125187
863.653156 863.774852 863.641812
384.247013 384.462157 384.370049
1949.233878 1949.184754 1949.121884
1270.510971 1270.286823 1270.479681
1714.341657 1714.808205 1714.108720
1585.477623 1585.522565 1585.154112
1239.184523 1239.551111 1239.735482
840.251874 840.319229 840.857990
1976.315157 1976.129941 1976.816237
127.691704 127.806305 127.183508
1243.590251 1243.733524 1243.788987
509.866499 509.799724 509.308755
1030.165072 1030.154657 1030.475469
1435.476252 1435.784237 1435.175101
548.876740 548.533665 548.897016
1924.874434 1924.394042 1924.714861
1657.568665 1657.681351 1657.578859
53.688320 53.768676 53.515594
761.204659 761.898979 761.131639
1610.218613 1610.315598 1610.202260
422.539459 422.715873 422.630653
656.463053 656.833537 656.203055
252.694428 252.527908 252.591916
1752.712705 1752.773166 1752.698728
702.708854 702.339118 702.360889
1215.850442 1215.791352 1215.605871
1612.113330 1612.145056 1612.608432
450.357823 450.794246 450.207857
897.847677 897.677003 897.760330
1224.613936 1224.664758 1224.754006
19.440605 19.332319 19.576832
1071.556847 1071.181899 1071.144027
1743.590938 1743.629208 1743.511897
424.855616 424.199392 424.640212
1414.767149 1414.147082 1414.297389
1172.510060 1172.539196 1172.456632
752.245550 752.600591 752.482326
1218.358318 1218.821201 1218.111766
1175.137054 1175.784103 1175.408582
513.730996 513.336765 513.348584
255.488776 255.759293 255.394059
433.586120 433.739075 433.349364
131.143451 131.293145 131.747714
679.101186 679.697707 679.118030
1894.719890 1894.620955 1894.726871
795.107745 795.487283 795.208576
278.424591 278.458818 278.748917
301.377592 301.377230 301.731152
1250.225686 1250.536917 1250.414944
462.496674 462.249487 462.517593
1692.616487 1692.263422 1692.625635
1992.577859 1992.427979 1992.677333
1682.358548 1682.472176 1682.120272
473.122741 473.109439 473.720386
763.110696 763.562543 763.289684
849.788171 849.458292 849.848490
1235.697414 1235.505532 1235.287971
375.210872 375.511371 375.171893
1112.111360 1112.135980 1112.692174
431.895251 431.298729 431.886566
409.439593 409.465830 409.199664
1498.595310 1498.722912 1498.344486
1828.302762 1828.261149 1828.291760
624.369512 624.182972 624.460702
1396.209375 1396.401908 1396.104877
1121.836268 1121.659189 1121.471516
1674.795262 1674.534274 1674.525119
476.882857 476.558732 476.514594
1641.631381 1641.817448 1641.266076
928.697164 928.726818 928.496053
1350.541615 1350.315403 1350.737144
708.629258 708.310876 708.675766
579.481819 579.181061 579.690632
343.176794 343.349329 343.770691
507.561893 507.669345 507.784612
9.174321 9.753325 9.598889
1499.572894 1499.371774 1499.498925
765.615478 765.241308 765.470868
1722.515166 1722.489164 1722.178974
1330.423651 1330.751802 1330.185667
1590.735039 1590.401036 1590.786953
1791.613214 1791.219163 1791.370314
1974.523456 1974.633320 1974.346353
666.294472 666.139748 666.223920
470.749969 470.898219 470.802516
425.668955 425.633809 425.630799
961.100279 961.742402 961.253818
918.835814 918.738446 918.587169
235.232763 235.331921 235.267881
1496.349965 1496.134053 1496.521332
1668.502128 1668.305710 1668.780589
385.519460 385.573029 385.781419
57.699562 57.453515 57.816973
1920.380124 1920.820195 1920.816987
804.430849 804.715759 804.663263
574.327778 574.776875 574.138267
243.796006 243.607003 243.553629
1796.577324 1796.729667 1796.321626
798.507722 798.171207 798.688891
1640.535313 1640.640819 1640.224758
360.751237 360.267979 360.587862
1565.297225 1565.578416 1565.752956
1141.509821 1141.696945 1141.296372
1595.550819 1595.699321 1595.826987
461.723084 461.127952 461.547126
884.430190 884.765513 884.607665
587.793983 587.317451 587.393286
271.687581 271.590545 271.203782
195.888937 195.538084 195.218594
1822.121802 1822.571783 1822.138777
1554.302598 1554.811040 1554.807003
647.579825 647.543430 647.263965
1516.570179 1516.616794 1516.724907
988.459136 988.380288 988.392492
67.270795 67.351990 67.881492
3.880353 3.577038 3.133177
965.595630 965.580305 965.595371
1815.844888 1815.119538 1815.152863
1448.453995 1448.547523 1448.487403
228.181373 228.212960 228.351451
996.724676 996.152226 996.576162
1217.871368 1217.375751 1217.698808
1375.438919 1375.224766 1375.812258
475.454020 475.684561 475.802707
1872.766713 1872.770600 1872.347313
1468.367571 1468.201613 1468.466767
154.287502 154.154906 154.287607
1106.828394 1106.279392 1106.234996
97.783057 97.639333 97.262240
540.715984 540.610357 540.350389
1899.234697 1899.325629 1899.598234
850.248594 850.610165 850.267718
1020.653873 1020.376974 1020.830419
1746.391356 1746.570491 1746.580879
380.789295 380.583355 380.450253
879.850535 879.802142 879.189447
342.691465 342.701704 342.274441
216.544422 216.801655 216.738407
592.255702 592.233280 592.652620
387.152275 387.432482 387.244197
102.665775 102.760515 102.797814
999.355224 999.660865 999.757378
96.466221 96.310584 96.300654
438.628102 438.619809 438.218959
888.600191 888.485047 888.471678
1884.230878 1884.415658 1884.768910
829.389017 829.569262 829.785585
1593.385960 1593.898330 1593.499558
827.315743 827.406266 827.692757
1358.425103 1358.810924 1358.454605
720.354030 720.163217 720.552709
1627.436338 1627.334021 1627.600658
800.174284 800.734172 800.841985
974.181816 974.787131 974.438090
911.394381 911.152485 911.565694
809.162693 809.466132 809.579264
288.307899 288.884040 288.685700
1622.446076 1622.649484 1622.325180
1859.233386 1859.656565 1859.372886
604.290384 604.286581 604.305937
1613.306452 1613.740184 1613.141361
346.337988 346.668895 346.614773
46.528600 46.346794 46.565247
630.873494 630.631743 630.112445
1530.754808 1530.751182 1530.494813
917.411431 917.785988 917.748691
1149.554776 1149.407629 1149.403252
374.247234 374.770788 374.372447
1504.113716 1504.592593 1504.513949
1109.212266 1109.733419 1109.706959
1725.287679 1725.461570 1725.294977
1202.719941 1202.849450 1202.536261
649.879115 649.804276 649.110665
312.494097 312.260477 312.195997
1552.718727 1552.675865 1552.641989
1060.161566 1060.126279 1060.456125
1983.853810 1983.316395 1983.529318
18.435300 18.257998 18.723507
160.417016 160.350383 160.649869
1546.522929 1546.536405 1546.190504
689.193526 689.368713 689.537454
389.582338 389.750996 389.712615
1637.676020 1637.846750 1637.378801
892.454339 892.338859 892.806493
1531.894252 1531.676769 1531.355401
792.670790 792.872432 792.875544
1925.833033 1925.117961 1925.181458
1063.837184 1063.457604 1063.843840
963.358008 963.224725 963.332344
1661.866407 1661.140812 1661.292278
1193.417946 1193.703360 1193.135296
995.267180 995.163014 995.435947
1973.622606 1973.171550 1973.708058
733.521633 733.570690 733.506612
345.508477 345.584327 345.111887
938.632376 938.276380 938.120729
767.725701 767.682396 767.487956
1447.333401 1447.667387 1447.436721
1937.131389 1937.718977 1937.164421
1807.250173 1807.854382 1807.690248
65.508893 65.418113 65.253549
1041.350590 1041.318786 1041.625513
672.190878 672.810035 672.223146
300.479044 300.382301 300.771450
501.532425 501.434848 501.827820
1774.395800 1774.400035 1774.447119
1811.453406 1811.577859 1811.887743
1966.731049 1966.665580 1966.592508
337.752217 337.808934 337.340205
847.526069 847.533539 847.451615
941.308171 941.742814 941.486634
17.781342 17.618580 17.221215
1578.513584 1578.146039 1578.570887
1765.269039 1765.874496 1765.649499
1179.251706 1179.776166 1179.222584
901.150509 901.430591 901.611274
1656.373603 1656.205778 1656.370147
1864.619339 1864.568418 1864.215161
1419.288707 1419.559415 1419.687316
120.887208 120.231241 120.863335
1430.456647 1430.893260 1430.490387
1040.775120 1040.323295 1040.128237
222.503969 222.305681 222.649817
84.862313 84.196737 84.855982
581.180871 581.743855 581.603627
1005.155471 1005.667050 1005.741345
121.259894 121.525440 121.755273
704.375040 704.701227 704.387532
1318.142869 1318.765483 1318.852242
258.415151 258.665526 258.365570
1825.364224 1825.654632 1825.837540
526.301470 526.369294 526.489745
1187.595605 1187.135571 1187.724537
1730.114675 1730.170348 1730.694573
1449.491160 1449.454853 1449.307415
299.631500 299.736035 299.672263
442.531393 442.521199 442.369409
1257.415158 1257.101093 1257.288783
1295.405246 1295.715001 1295.209148
608.526575 608.206397 608.441220
1527.491755 1527.246918 1527.360403
322.108141 322.673317 322.894549
1036.888728 1036.484124 1036.747264
1747.120438 1747.669448 1747.544162
48.278956 48.338656 48.198422
1943.781110 1943.230937 1943.299422
169.752690 169.776988 169.648256
692.674717 692.500578 692.859178
1107.572957 1107.247077 1107.264821
1567.510526 1567.433289 1567.600415
531.690657 531.269058 531.386352
860.368958 860.113509 860.310104
108.709416 108.403603 108.760386
1451.769303 1451.833119 1451.681356
912.105656 912.658863 912.450624
268.337456 268.337548 268.631406
839.366288 839.842946 839.360424
95.813035 95.778303 95.363852
485.813195 485.616047 485.325275
1918.389850 1918.225024 1918.163757
397.462497 397.423623 397.187063
1955.366009 1955.197262 1955.265477
903.512870 903.215744 903.138247
1412.801614 1412.403447 1412.657238
62.338936 62.391685 62.439367
49.363503 49.682886 49.285007
416.296362 416.363236 416.318047
992.788884 992.292467 992.542333
980.428613 980.313942 980.520299
838.558464 838.553929 838.691162
304.671375 304.206867 304.696509
1108.743901 1108.375027 1108.255278
906.349904 906.817639 906.747380
1308.407046 1308.768015 1308.679937
259.402986 259.371746 259.386135
1749.217220 1749.121618 1749.262545
833.192242 833.154759 833.324929
1693.636759 1693.774873 1693.610880
651.751080 651.566144 651.304304
716.542082 716.195241 716.372733
794.322156 794.499850 794.202663
400.198513 400.732266 400.716586
1096.283062 1096.195877 1096.644563
1870.463829 1870.116245 1870.778930
1814.802354 1814.510448 1814.317403
1211.471942 1211.497797 1211.291896
871.365991 871.732040 871.482110
1058.752954 1058.814702 1058.743791
1984.661868 1984.739851 1984.262638
1362.343006 1362.856511 1362.447190
525.771442 525.316984 525.458237
1371.808855 1371.610886 1371.572950
113.556195 113.789408 113.207514
1881.270506 1881.493431 1881.893312
155.636961 155.118507 155.743442
347.726797 347.521112 347.523707
338.538407 338.788412 338.693546
1400.114753 1400.235683 1400.176653
782.826240 782.621501 782.496805
180.700819 180.890414 180.147752
306.650082 306.192897 306.138527
1626.658909 1626.688412 1626.894282
1500.363147 1500.406308 1500.412099
1989.393157 1989.220093 1989.866224
219.155975 219.204429 219.140124
135.664723 135.423470 135.212486
699.429637 699.413565 699.226065
1110.186043 1110.130753 1110.872507
1169.732226 1169.294495 1169.358995
233.294855 233.146943 233.572483
586.699476 586.353687 586.289502
1921.394685 1921.192084 1921.748874
1848.169877 1848.890803 1848.546410
923.130814 923.370901 923.755544
1072.157288 1072.475677 1072.837449
687.178185 687.670215 687.863532
1910.246702 1910.430896 1910.114561
213.139445 213.429512 213.402979
1717.792014 1717.823947 1717.796674
1027.125356 1027.217010 1027.574990
706.419820 706.894628 706.491123
1091.280134 1091.809642 1091.614233
116.491316 116.277413 116.120660
1174.330870 1174.442932 1174.404820
327.306047 327.751396 327.686190
1569.854622 1569.463137 1569.615895
1042.866708 1042.717907 1042.367855
990.266268 990.110357 990.797397
634.726468 634.888833 634.559148
1183.393732 1183.614426 1183.666392
868.314300 868.505938 868.483594
1247.562788 1247.116239 1247.515906
1192.252346 1192.409629 1192.420870
1787.646460 1787.637821 1787.551337
138.288656 138.667846 138.275249
444.583197 444.185873 444.803175
993.804841 993.559470 993.201721
1558.111038 1558.118583 1558.551645
1703.221652 1703.209792 1703.132317
1335.235009 1335.608503 1335.542427
588.700538 588.263659 588.189049
110.657719 110.258373 110.272685
324.286492 324.815891 324.858287
293.574991 293.188924 293.735670
1443.641091 1443.645933 1443.300216
1621.784613 1621.636153 1621.280123
329.410524 329.344351 329.816517
1518.678380 1518.192423 1518.830053
498.110645 498.241620 498.859428
1790.178448 1790.537251 1790.179567
806.642088 806.763341 806.556957
530.479070 530.398078 530.112481
463.691462 463.640431 463.721892
1309.786360 1309.112874 1309.721590
749.349979 749.711960 749.642268
87.428749 87.861586 87.451281
1095.881359 1095.467661 1095.666967
987.821795 987.319184 987.773960
930.254819 930.443601 930.547409
1119.256802 1119.879266 1119.664514
613.887022 613.812575 613.870914
370.549943 370.412868 370.444515
313.249249 313.196182 313.182354
292.134136 292.824000 292.820979
1853.118432 1853.607033 1853.747110
1185.737822 1185.882350 1185.893427
1540.642408 1540.275866 1540.604942
553.218434 553.173169 553.716469
1315.771418 1315.168299 1315.651577
1368.883816 1368.676033 1368.762470
957.690570 957.450356 957.305405
1941.639814 1941.821077 1941.646127
1301.579824 1301.551377 1301.527910
490.431670 490.388626 490.222087
1021.542619 1021.240649 1021.503629
93.189382 93.827750 93.727120
1964.561771 1964.538295 1964.747220
1903.732854 1903.124921 1903.532835
1237.199122 1237.504452 1237.290960
1117.736703 1117.123099 1117.556068
801.339407 801.555218 801.888178
1731.681625 1731.731546 1731.231841
1173.315265 1173.500792 1173.139271
721.868482 721.321439 721.165812
846.361394 846.667833 846.665569
1463.353994 1463.607445 1463.162406
728.365643 728.270840 728.712051
636.772102 636.385273 636.171457
1708.555691 1708.852171 1708.828623
529.477546 529.450047 529.350586
737.473827 737.405471 737.313082
730.515344 730.689569 730.325808
1797.541598 1797.476127 1797.859447
1403.426351 1403.586443 1403.715231
1337.208390 1337.340804 1337.319885
178.629833 178.334405 178.876760
1068.594533 1068.573906 1068.836955
1067.892723 1067.720953 1067.122253
1292.657520 1292.681929 1292.416875
386.591353 386.124741 386.845721
1523.591761 1523.210707 1523.694917
1589.701014 1589.552558 1589.876409
1254.357955 1254.108264 1254.781082
98.334338 98.416540 98.230102
726.899190 726.648702 726.513447
902.606377 902.784929 902.850133
1913.837294 1913.251591 1913.213788
177.729064 177.830306 177.852279
6.579644 6.374432 6.580611
1044.339051 1044.204669 1044.315285
646.508368 646.414066 646.265512
549.479004 549.899063 549.228303
1996.289113 1996.310757 1996.369788
30.697999 30.464779 30.101544
738.321947 738.671114 738.483922
870.155887 870.295364 870.362017
1810.400339 1810.882916 1810.440914
248.154907 248.184725 248.887835
1267.217718 1267.329103 1267.209061
817.250078 817.641265 817.552140
1483.260009 1483.426418 1483.809971
1706.273825 1706.725098 1706.545741
467.220996 467.288041 467.724025
1628.237596 1628.214898 1628.479938
536.208892 536.424060 536.593766
200.168402 200.133876 200.472107
895.227736 895.456916 895.684209
1608.272904 1608.745117 1608.478577
366.552931 366.389029 366.856029
1415.764245 1415.159188 1415.377034
694.241921 694.217107 694.135353
1065.153381 1065.121841 1065.317177
768.727922 768.344908 768.189045
170.803320 170.294004 170.898639
358.728063 358.508987 358.261875
331.719005 331.483971 331.612012
158.330998 158.521960 158.448591
1331.604244 1331.399933 1331.388988
2.582856 2.604139 2.515347
1508.208253 1508.400228 1508.132450
1827.782734 1827.727438 1827.883882
185.816657 185.866425 185.223385
398.606694 398.530205 398.325300
1538.291596 1538.469425 1538.217633
1048.896201 1048.241981 1048.125195
1242.872539 1242.109468 1242.571802
775.665107 775.346504 775.831695
1909.548468 1909.422334 1909.207951
776.235974 776.525999 776.681381
1762.745029 1762.563795 1762.766177
505.659565 505.659535 505.798130
152.827090 152.885905 152.119489
834.115282 834.448082 834.445420
105.882670 105.719987 105.493930
1535.795521 1535.289242 1535.367340
1893.313149 1893.490077 1893.411213
261.631334 261.402416 261.657679
146.176087 146.402065 146.867444
533.285307 533.250199 533.844684
447.227255 447.397805 447.440945
764.173269 764.723713 764.310612
885.838613 885.725040 885.826352
1818.433712 1818.307878 1818.467345
1288.885701 1288.353429 1288.349239
199.414283 199.332993 199.371464
1734.240200 1734.367836 1734.459670
1840.665755 1840.128634 1840.126287
1214.474458 1214.634654 1214.860475
978.161104 978.518532 978.768573
1133.762747 1133.780211 1133.766062
1963.796844 1963.603115 1963.800850
908.852458 908.738478 908.801576
1399.686127 1399.338462 1399.465517
1158.584362 1158.136708 1158.471944
365.640583 365.699446 365.340840
1.257576 1.300837 1.560853
1561.152339 1561.265986 1561.284527
1507.367375 1507.704918 1507.309538
83.394118 83.261201 83.767671
633.468725 633.619321 633.476176
1662.619150 1662.747773 1662.364581
952.828701 952.720756 952.126387
1549.878313 1549.403615 1549.428831
682.285813 682.155824 682.545471
1506.746043 1506.461394 1506.798662
372.441442 372.386000 372.853210
616.110804 616.672329 616.743748
1851.121469 1851.580807 1851.550112
1131.783734 1131.479120 1131.666874
1658.710477 1658.635726 1658.264250
972.774896 972.813640 972.141000
1735.303053 1735.555515 1735.821240
1422.752893 1422.226406 1422.138099
40.694746 40.784583 40.874610
1887.609914 1887.177210 1887.555338
323.204138 323.822566 323.190730
1199.820982 1199.628420 1199.471930
1103.297321 1103.426125 1103.333039
430.193860 430.493444 430.293852
1300.302603 1300.282146 1300.786011
1948.391893 1948.495254 1948.628319
1672.248489 1672.159013 1672.352904
686.569250 686.710185 686.231330
762.528370 762.244529 762.632230
1346.627198 1346.330965 1346.714324
1778.177635 1778.675952 1778.407525
1785.866132 1785.152039 1785.756355
1772.299342 1772.784584 1772.300459
1009.238562 1009.798455 1009.861613
356.589583 356.615190 356.581243
644.189319 644.354794 644.364399
1029.871787 1029.400783 1029.198495
1046.284662 1046.798644 1046.329279
1802.865257 1802.734364 1802.609971
1634.747295 1634.637773 1634.791478
857.863310 857.779735 857.149644
511.611976 511.742487 511.357797
1933.688736 1933.256971 1933.887870
1226.280282 1226.115811 1226.656350
580.149601 580.258743 580.887980
855.102474 855.892272 855.748272
590.564095 590.695079 590.428853
1874.350449 1874.362169 1874.629330
441.544827 441.565733 441.531221
